0 0.3296875 0.5 0.178125 0.55
0 2995.0877192982457 676.3636363636363 903.859649122807 792.7272727272726
0 0.11395574534161491 0.39862385321100924 0.1062111801242236 0.3910550458715597
0 3229.4152046783624 1038.2170087976538 1449.9415204678362 240.3753665689149
0 0.23552674034040494 1.264688658988874 0.06414051786722594 0.465937926995901
0 7600.499905678174 638.4970674486801 1169.307677796642 525.8211143695013
0 0.29675679599903204 1.1287108558043562 0.13854351859320804 0.17306265859847753
1 3926.5640538356374 1048.7531017369722 505.25640398620334 306.24746221520405
1 0.9579294714158957 0.6334746371340497 0.07125095241936413 0.12408266088192726
1 2021.0256159448136 1394.231867453429 533.3262042076591 257.89259976017183
1 0.5315696055497299 1.4812367642780069 0.06187582710102675 0.16285849240752953
1 4945.388439016475 1621.0391984925088 387.8736030601157 171.92839984011457
1 0.5568824439092407 0.9771509544451772 0.1495332488274813 0.27918598698433633
1 789.1221579498906 644.7314994004297 294.2489402525016 128.94629988008592
5 0.35684070742921675 3.58288683296565 0.1495332488274813 0.1551033261024091
5 1511.3695567514853 3107.6058271100705 320.9988439118199 167.6301898441117
6 1.7056136194384588 1.9566881139073147 0.40810115825833443 1.3004817342432762
6 232.78542115742664 206.07748109276116 205.83131976025092 104.57663219632656
6 0.9911028129130979 2.514902177249865 0.4858347122123029 1.4152301225588595
6 720.4096191608783 274.8669589484529 246.9975837123011 36.743141041952576
6 1.4251151558227553 7.715725764335319 0.2672090917167666 1.5513099420356729
6 1824.413970602224 170.17875851009615 198.3465444962418 60.59395189374635
6 1.7746717034773933 9.967991542441982 0.5848349931914137 0.8581714572963297
1 484.7521152127978 713.1442030571685 46.16686811550455 58.26341528244841
