0 0.62109375 0.5453125 0.1359375 0.44375
0 1603.6781609195405 894.6478873239437 1103.448275862069 1090.7042253521126
0 0.271875 0.3172262396694215 0.1323125 0.2952221074380165
0 842.7019367028814 1144.9007085994226 869.1544638639584 1083.929664946199
1 0.3014423913043478 0.18635895532024793 0.05062391304347826 0.029522210743801652
1 2054.3650964057197 6757.624004898959 1027.1825482028598 1388.7848832123175
1 0.1947073578595318 0.1303297596250756 0.06620050167224081 0.0360026960290264
1 6095.119973527264 6207.86842795906 619.330654063489 916.5980229201297
5 0.48116462191043324 0.5411314312241543 0.04521009870299373 0.024001797352684266
5 5397.024271124689 20498.46487621381 398.14113475510004 749.9438369346516
5 1.0348089258685231 0.6447149455568245 0.055256787303659 0.020001497793903554
5 6840.788588064901 24098.195293500135 325.75183752690003 799.940092730295
