0 0.3296875 0.571875 0.19375 0.659375
0 1710.967741935484 536.8720379146919 655.483870967742 609.6682464454976
0 0.6804133858267717 0.5691620024875622 0.1830708661417323 0.6495335820895523
1 2389.784946236559 255.56800229786012 289.505376344086 52.34525348269424
1 0.7806418065666321 3.3527395193151888 0.1727083642846531 0.7450532265144864
1 1942.5810752688171 230.85598971854898 283.7152688172043 48.31869552248699
5 1.309411374117319 11.196494320676031 0.08106719139891881 0.5380939969271291
5 3873.330191678354 984.9580241122347 518.0887517531556 40.88505005748899
5 0.3889295015924319 13.745855739683934 0.08299736262270259 0.635929269095698
5 4939.916005088228 833.4260204026601 578.3316298639877 34.59504235633684
5 0.7806939421697963 15.421284775570676 0.03976956959004499 0.6648351449636842
5 5808.461152112224 812.2314292357345 1106.3735527832807 33.09091007997437
