0 0.3453125 0.665625 0.06875 0.215625
0 778.1818181818181 1910.7246376811593 509.09090909090907 445.2173913043478
0 0.30642857142857144 0.9287597656250001 0.0667857142857143 0.18193359375
0 3264.171122994652 3297.906602254428 568.9839572192512 439.7208803005904
0 0.7267340225563911 0.59583251953125 0.06502819548872181 0.23651367187500003
1 3398.525798525798 1547.4792518270779 276.8030062147709 67.64936620009082
1 0.20050360275689225 5.498942871093751 0.05419016290726818 0.20694946289062505
1 7787.391241508888 1050.981224894268 258.3494724671195 53.1530734429285
1 0.5806088882921591 7.111536088423297 0.04644871106337273 0.22576305042613642
5 4434.999277352217 2152.6994744386043 258.3494724671195 70.87076459057134
5 0.8747840583601864 6.857552656693893 0.04644871106337273 0.2257630504261364
7 4725.642433877727 1909.0812211585155 968.810521751698 451.80112426489234
7 0.05522235648645424 0.9273991973387368 0.034062388113139996 0.17264233267881018
7 4506.436820875323 2418.294479238366 851.3789433575529 364.91629267548996
6 0.490380932318481 0.6878289762282754 0.03641151832783931 0.13153701537433157
