0 0.5328125 0.6625 0.1375 0.4
0 3472.7272727272725 1038.75 836.3636363636363 707.5
0 0.17635869565217394 0.5653710247349824 0.10641304347826089 0.384452296819788
0 1813.687436159346 1024.8345588235295 545.0459652706843 691.8933823529412
0 0.4577595577211395 0.6099205611201147 0.17796664167916046 0.43070219718908576
0 2427.421206153975 978.6344317508883 359.61795646725557 610.6307367745757
1 0.9774261648472642 0.5093094423034435 0.10288696472076464 0.04585422631670875
1 2313.2182064650497 6280.773292538493 388.77616915378985 654.2472179727597
1 1.244932273121252 0.4455502323773533 0.12346435766491756 0.05349659736949353
1 3596.179564672556 5682.604407534827 307.78113391341697 523.3977743782078
1 0.5312216441635269 0.5311447881685429 0.12671341970873118 0.053496597369493526
1 1495.5006378613466 5084.435522531162 228.86289444843825 411.24110844002047
5 1.518376322371865 1.3216091213781695 0.13545227624036782 0.041338279785517726
5 1867.8165256598347 13534.670598364202 177.184176347178 604.7663359412065
5 1.7947426601848735 0.8895997809843414 0.09030151749357854 0.03307062382841418
5 4711.991689732766 16389.167704006697 188.25818736887663 665.2429695353272
5 1.0384674511761531 0.7779112650547426 0.06905410161273653 0.022548152610282396
