0 0.49296875 0.621875 0.4234375 0.396875
0 250.3321033210332 759.6850393700788 155.8671586715867 320.0
0 2.5085464015151517 0.978125 1.0265151515151516 0.55625
1 301.50553505535055 539.3258426966291 65.26937269372694 104.26966292134831
1 5.178539122568973 2.474353448275862 0.8273405698778833 0.5946120689655172
1 137.7908979089791 413.7151141718014 24.173841738417384 23.54476259514317
5 11.086363636363636 20.47164408866995 3.3920963364993217 3.5676724137931033
7 84.31364313643137 111.27703274133141 63.08783087830878 43.72598767669446
7 1.7436009206304925 6.80373425066313 0.8242477079344146 1.943924071618037
7 502.2761919926892 150.21162825405625 160.14603222955307 59.67311259407714
