0 0.659375 0.596875 0.140625 0.55
0 380.44444444444446 707.2727272727273 661.3333333333334 650.9090909090909
0 0.8588709677419354 0.6145251396648045 0.14213709677419353 0.7128491620111732
0 2406.1276595744685 533.0721003134796 590.9787234042553 493.7931034482759
0 0.25381624423963134 0.7493016759776536 0.1252160138248848 0.6358938547486034
0 1812.8671650373778 593.6525367889303 670.840713053479 589.7210630353612
5 0.8452080933179723 1.0462573556797021 0.05962667324994514 0.050871508379888276
5 9081.506152961472 11440.588622886007 620.5276595744681 432.4621128925982
5 0.28685264428351986 1.181606399187405 0.02578450735132763 0.050871508379888276
5 3335.336170212766 10497.03492202943 1085.9234042553192 314.51790028552597
5 0.22837706511175898 1.72804155027933 0.014734004200758644 0.0731277932960894
5 9909.051063829787 7056.140719449191 1628.8851063829788 273.49382633524
5 0.22438660564072016 1.9945605621508382 0.009208752625474152 0.06947140363128493
5 5646.80170212766 8032.081847108627 1954.6621276595745 259.0994144228589
5 0.1665249433106576 2.030108795003104 0.012789934202047434 0.17753803150217262
5 33893.84129361702 3061.315907365735 1954.6621276595745 140.81489914285808
5 0.11152822624185363 3.920039735567972 0.008185557889310358 0.17043651024208573
5 50821.21531914894 3188.870736839307 2687.6604255319153 158.41676153571535
