0 0.173 0.45223880597014926 0.166 0.6477611940298508
0 2512.0481927710844 257.03917050691246 566.2650602409639 372.0506912442396
0 0.573936170212766 0.38838793583947484 0.0988936170212766 0.44348795441877753
0 1789.8020654044751 344.99245915374945 768.5025817555938 491.55788297723774
0 0.4951187010078387 0.30718661062952024 0.07677267637178051 0.3702514114872363
0 3308.4687417952687 479.4039792772511 1015.9864640158698 731.9350894880848
1 0.08907598989289918 0.07036143059628291 0.02657515720561633 0.02595858604523059
1 12154.208439893553 2773.648760165374 827.8408225314495 693.4121900413435
1 0.19991765988770469 0.08003897363946098 0.03503088904376698 0.033169304391127974
1 6794.003991809827 1733.5304751033586 1027.6644693493856 874.3023265738678
1 0.4072340851337911 0.06576672422378822 0.03405780879255123 0.02630668968951529
1 11627.289424638764 2622.906979721604 645.9605235910425 684.2366034056357
5 0.5960116538696465 0.38802367292035056 0.04644246653529713 0.018999275886872155
5 1474.9431955328803 13316.296973971217 452.17236651372974 736.8701882829923
5 0.9321666497441781 0.37930697217005477 0.03317319038235509 0.01764218475209557
5 3632.451344326962 13688.780805410972 391.88271764523245 736.8701882829923
5 0.9250216548925938 0.3202735078072734 0.05869102913801285 0.013570911347765825
5 3986.980692564539 21295.548441378476 408.92109667328606 1621.114414222583
5 0.6162558059491349 0.18629160122842178 0.05869102913801284 0.011103472920899311
5 2947.6395718532704 22335.354151511143 408.92109667328606 1260.8667666175645
5 0.47441915219893716 0.20263838080641244 0.02934551456900642 0.010310367712263646
5 11040.869610178725 21483.229908137735 477.07461278550045 1066.8872640610161
7 0.18550557423979058 0.15090629106131337 0.16978476286353714 0.16309127108489768
7 2249.9074331365578 999.4403680571588 318.0497418570003 919.7304000526001
