0 0.333 0.5542168674698795 0.23 0.572289156626506
0 2100.0 322.38947368421054 147.82608695652172 117.07368421052631
0 2.479264705882353 1.3025984535155548 0.4397058823529412 1.5631181442186657
1 1105.2842809364547 102.35950532067875 50.0334448160535 11.51544434857636
1 7.025300802139038 6.382732422226218 0.5396390374331552 1.9973176287238505
1 383.5897435897435 53.32151404884271 55.592716462281665 13.518130322241813
2 3.147894385026739 10.87428486749652 0.4676871657754012 1.1835956318363559
2 763.3307606551751 102.65330213452377 21.381814023954487 12.6732471771017
2 6.1267018716577555 7.851184357847827 1.8707486631016048 1.657033884570898
2 193.5054169167881 97.46330567152023 8.552725609581794 11.466271255472968
5 45.36565508021392 19.928012769707905 1.4030614973262037 1.3081846457138668
5 243.39631630601522 170.46523266469814 9.26545274371361 7.644180836981979
5 14.084578877005352 35.77885006027426 2.4823395721925143 1.17736618114248
7 68.68520403492046 160.52779757662157 41.49311446097834 146.08878932898895
7 8.88099157624215 1.0883792023351995 1.5665249727428487 0.9857019190960298
