0 0.825 0.528 0.142 0.16533333333333333
0 1464.7887323943664 3154.233870967742 591.5492957746479 1324.5967741935483
0 0.39641666666666664 0.075117199391172 0.11664285714285713 0.09889802130898022
0 2130.434782608696 2927.25775671017 420.08573178199634 1304.3739226791429
1 0.4272937317784256 0.326976791382016 0.05475072886297376 0.020699585855367953
1 7543.278575041934 16667.000123122383 365.2919406799968 869.5826151194286
1 0.684384110787172 0.050598987646455 0.06022580174927114 0.022999539839297728
1 3960.0967205536017 10108.897900763357 282.2710450709066 565.2286998276286
5 1.4383338535414167 0.801445503630913 0.05668310752872578 0.021230344467044054
5 3202.0121675230967 29203.48282442748 511.6162691910182 1036.2526163506525
5 0.8600195625048049 0.42508939716967753 0.019545899147836478 0.01254520354870785
5 11204.396295283297 9605.264636173357 1125.55579222024 876.8291369120906
5 0.20256659116848713 0.18019474188144002 0.010661399535183533 0.015966622698355446
5 23355.28268856998 8549.084084892882 937.9631601835333 1440.5050106412916
7 0.44244808071011665 0.2794158972212203 0.06183611730406449 0.06317228980653676
7 3784.1961979818416 1575.0576764704233 1132.0245036697816 2073.6940263077936
7 0.18197485949481837 0.248349078247072 0.06713635593012716 0.07426360786417298
7 3723.7648147032287 3938.6720954222706 566.0122518348908 1494.6755644166565
