0 0.7416851441241685 0.195 0.11751662971175167 0.37
0 893.4905660377358 345.94594594594594 459.50943396226415 227.02702702702703
0 0.5462347047712901 0.38321428571428573 0.08704935534203827 0.33476190476190476
1 3722.02641509434 37.339971550497864 206.77924528301887 50.782361308677096
1 1.2718878030531147 1.0633613445378152 0.058032903561358845 0.1969187675070028
1 1568.0759433962264 535.7539118065434 413.55849056603773 137.11237553342818
2 0.8644484592994078 0.43395061728395057 0.016926263538729662 0.06563958916900092
2 5907.978436657682 2513.7268847795167 590.7978436657683 121.87766714082505
7 0.5670298285474437 0.47998949579831923 0.09140182310914018 0.9107492997198878
3 3566.6684636118603 26.90092653108301 131.28840970350404 12.077967013955636
6 1.9308635131805862 6.499438184364654 0.2056541019955654 3.063429462694168
