0 0.868 0.6803030303030303 0.152 0.6393939393939394
0 2342.1052631578946 354.2417061611374 513.1578947368421 323.74407582938386
0 0.914923076923077 0.7027155614112136 0.11107692307692309 0.6332162201727419
0 1408.93351800554 263.7329788463761 387.11911357340716 132.6561091203329
0 0.967402504472272 1.2438175753393146 0.15240787119856888 0.979977483600672
0 2591.729658669421 150.51366227114696 275.5763181370017 70.40978099463824
0 1.736361104012267 2.6700835785061785 0.15603663003663007 2.1587909783666976
0 3066.5876332222165 73.4207255766458 275.5763181370017 43.07966863487734
0 0.9833936451145755 3.841719429243962 0.22498304795979218 2.3444934281186716
0 1204.5351970181848 94.47669903589437 275.5763181370017 90.85118236860272
0 0.6767635232984072 1.6730657327419627 0.11974904165601842 0.9245889575679268
1 3924.8748340724483 128.1650608414217 200.41914046327395 14.060302033236136
1 1.8012251682426106 7.75232279806954 0.15966538887469123 1.2802000950940524
1 926.938524642642 107.79564892147704 175.36674790536472 18.74706937764818
1 2.4463018509729477 7.041100523017288 0.26230742457984985 1.3868834363518903
1 873.0214189201853 90.13014123869317 121.99425941242764 18.74706937764818
1 2.8976773309055286 7.227796370218504 0.3360813877429326 1.3335417657229713
1 1358.3019371164198 103.48382296461796 62.484864577097085 19.49695215275411
1 2.9127053604387494 6.25738828531548 0.3200775121361263 1.2309616298981274
1 1205.9578863379738 98.70332027331767 74.9818374925165 13.810341108200825
1 2.7073222901514016 8.761550424569025 0.40009689017015787 1.8826471986677245
1 652.3419861848936 67.98937160960406 89.9782049910198 12.748007176800762
1 2.739552317415109 9.256348726782978 0.23338985259925876 1.4119853990007933
