0 0.31 0.7226666666666667 0.16 0.5546666666666666
0 165.625 480.46875 318.75 387.6201923076923
0 0.8392156862745098 0.6527007751937984 0.17254901960784313 0.42825426356589147
0 1889.3181818181818 573.2575735634847 289.77272727272725 333.91378012048193
0 1.387294117647059 0.7127588442565187 0.16564705882352943 0.4072907681465821
0 2164.2400568181815 562.2518797616938 211.29261363636363 279.8983156892275
1 0.7430453781512606 0.6305861454199275 0.14198319327731093 0.06788179469109702
1 158.46946022727272 2533.8163315024804 302.8527462121212 353.5557671863926
1 0.8816165722102796 0.5034566439589696 0.06603869454758649 0.045254529794064684
1 6132.768110795454 3900.1620567748932 272.56747159090907 287.264060838944
1 1.295092176405446 0.6248606229257393 0.05870106182007687 0.045254529794064684
1 6226.463179154829 3966.4537631223416 255.53200461647725 287.264060838944
1 1.273813041495668 0.6353039759551389 0.05870106182007687 0.05221676514699771
1 6533.101584694602 3466.3196674565907 187.39013671874997 191.50937389262933
2 0.8404924760601916 1.4307393650277371 0.08004690248192302 0.08354682423519634
5 3497.949218749999 3728.448122972127 174.89746093749997 203.47870976091863
5 1.0348920963734332 1.7372824921848182 0.14865853318071418 0.12286297681646521
5 1705.2502441406248 2669.6406720632526 168.17063551682688 97.66978068524094
5 2.0395950752393985 3.051097257608886 0.08324877858119994 0.18429446522469783
5 4738.808265099157 1584.4208866716863 156.15844726562494 32.55659356174698
5 2.628740277506352 9.291512621745182 0.08324877858119996 0.21501020942881413
5 3723.7783578725944 1448.7684134977405 168.17063551682685 51.160361311316684
5 0.7641048605488711 7.290800737904333 0.16055121583517135 0.07818553070138695
5 2363.7317103198443 3485.2996143334494 43.59979439325141 89.5306322948042
5 8.27985555949955 3.144175270348632 0.2752306557174366 0.1228629768164652
6 78.11629828790876 2022.5783750235314 156.23259657581752 903.4454713384788
6 0.9665076514728588 0.2717374847607406 0.3456384978777111 0.1073667455062804
6 769.5901979475456 2104.93480951027 133.08702671273343 633.3432170207892
6 2.408198664561009 0.356836536535579 0.2629858136026063 0.08841967276987799
6 1347.9814562761144 2454.2049659555582 102.66713489268007 565.4850151971332
6 3.9496573116984024 0.3837413798212705 0.2824662442398364 0.088419672769878
