0 0.252 0.5870206489675516 0.4 0.8259587020648967
0 691.25 249.40714285714287 327.5 276.04285714285714
0 0.10381679389312977 0.7969776949749003 0.2015267175572519 0.7824871914299022
0 935.3598484848485 261.98511904761904 262.99242424242425 204.47619047619048
1 0.5304335301742762 0.42792268281322776 0.2699697537087714 0.27876106194690264
1 674.1495945369185 480.6984126984127 111.12355953905251 71.74603174603175
1 2.906674348264439 1.5680309734513274 0.3239637044505257 0.5714601769911505
1 129.64415279556124 216.98799845141306 104.95002845354959 41.997677119628335
2 0.6050498597825994 3.77401825221239 0.3144353602019808 1.0714878318584071
2 677.4047291092746 143.2587430636211 63.60607785063611 25.198606271777003
2 3.5531195702823832 5.575705199115045 0.4716530403029712 1.0714878318584071
5 51.94496357801949 289.3173312685508 57.245470065572505 31.731578268163634
5 0.9433060806059425 9.154918092790213 0.3843098846913099 0.5357439159292036
5 833.9624161825449 585.1676345334881 75.4599378137092 24.265324558007485
5 2.3654936005999594 11.230016699285228 0.22528510481904374 0.45332177501701837
5 909.9580736359051 612.1479604406434 71.02111794231455 33.08907894273748
7 3.8439271009749336 6.301172672736556 1.7177989242452085 6.316283398570456
7 70.14790747581067 34.83060941340787 108.86023815748213 37.3637446434739
