0 0.845 0.6466165413533834 0.27 0.706766917293233
0 74.07407407407408 237.70212765957447 140.74074074074073 217.8936170212766
0 0.6998684210526316 0.6172737037398691 0.4192105263157895 0.42681378771604334
0 449.65473948524794 370.1848547243194 293.40866290018835 506.07549759780375
1 0.7804813863928113 0.1491872267248207 0.10906290115532734 0.06520766201217329
1 114.61275894538606 1533.5621139327386 174.21139359698682 214.69869595058339
1 1.9086007702182284 0.4331651833665797 0.23534626038781162 0.1397307043117999
1 458.8983050847458 669.144269045985 76.48305084745763 78.72285518188058
2 3.1314127423822713 2.3754219733005986 0.2222714681440443 0.3302725738278907
2 1327.2058823529412 584.3658096193442 98.97806580259223 60.55604244760044
2 1.389196675900277 1.0568722362492502 0.23237471669604634 0.462381603359047
5 1017.7527201005678 539.5975925241539 116.1916424639126 32.44073702550023
5 1.3124868257832247 7.968376297887577 0.14631000680862177 0.46238160335904704
5 95.68723497028097 514.7263608046037 191.37446994056194 25.952589620400186
5 0.1645987576596995 7.417371553884713 0.0888310755623775 0.2697226019594441
7 2228.9497087194864 585.7870228604614 1148.2468196433717 585.7870228604614
