0 0.591 0.5124653739612188 0.174 0.5761772853185596
0 2591.954022988506 295.0480769230769 333.33333333333337 402.65384615384613
0 1.0619999999999998 0.47931989683828446 0.23999999999999996 0.5265068296876493
0 1610.416666666667 356.120736574746 437.50000000000006 518.5117924528302
1 0.9028571428571427 0.12535876897324982 0.09599999999999999 0.057857893372269154
1 3901.041666666667 1780.2238207547168 406.25000000000006 518.5117924528302
1 1.0904615384615384 0.13114455831047675 0.08369230769230768 0.05014350758929993
1 3632.352941176471 1954.390602322206 454.0441176470589 678.0538824383164
2 0.8226072874493926 0.3008610455357996 0.05065587044534412 0.03539541712185878
2 5645.93989769821 4294.3412554426695 631.7135549872124 508.5404118287372
2 0.5113076923076921 0.39524882452742305 0.037991902834008086 0.03146259299720781
2 9133.525149190114 6452.106475077103 421.142369991475 762.8106177431057
5 0.8370091093117407 0.40966917965114336 0.08785627530364369 0.017042237873487562
5 3465.8878827676795 16371.089411563577 284.5556553996453 704.132877916713
5 0.9312765182186231 0.3990724035375004 0.07731352226720645 0.019882610852402154
5 5290.14832083886 16044.170575387961 258.686959454223 502.95205565479506
7 1.5172778744939266 0.40759352247424413 0.35950787854251 0.4573000496052495
7 824.7385320234098 410.0152627620612 236.43431778074142 352.06643895835657
7 1.9075065085020237 0.4899643388627673 0.23685224939271246 0.4800230334365662
