0 0.762 0.6516516516516516 0.2 0.6966966966966966
0 972.5 310.0344827586207 505.0 335.87068965517244
0 0.15346534653465346 0.6371499704833038 0.17623762376237623 0.7086060419393753
0 1713.5955056179776 299.17893364242246 533.370786516854 341.5155751955955
0 0.4705919528123025 0.6266185660125054 0.11999157362544764 0.6968935453783939
0 1054.2406952247193 325.731241888236 475.0333567415731 304.20715101456403
1 0.20524874435931834 0.3796754928830401 0.1073608816648742 0.12820211447998756
1 1671.9311281394582 881.4207196063008 363.2608022141441 218.40513406173827
1 0.865769161118024 0.5128084579199502 0.11286656790409852 0.19230317171998135
1 3225.047122096304 621.414607628041 460.7210174423291 192.4045228639123
1 0.5545655403749457 0.582106898179403 0.07162686040067791 0.17671102266160446
