0 0.6633333333333333 0.6161616161616161 0.3 0.5757575757575758
0 268.33333333333337 211.89473684210526 310.0 194.52631578947367
0 0.3935483870967742 0.5988906926406927 0.11612903225806452 0.49864718614718617
1 1726.5277777777776 153.4150841020076 232.5 46.124796527400974
1 0.4150537634408602 1.6693840579710146 0.14193548387096774 0.5203274985883681
1 824.3181818181818 150.8665219750407 112.72727272727272 36.51546391752577
2 1.1266129032258065 3.943534726143422 0.10645161290322581 0.4381705251270469
2 1521.8181818181818 374.28350515463916 187.87878787878788 54.77319587628865
2 1.1230645161290322 2.409937888198758 0.09580645161290323 0.25559947299077734
5 454.04040404040404 735.5257731958762 323.56902356902356 78.24742268041237
