0 0.7 0.5181818181818182 0.23030303030303031 0.9363636363636364
0 451.57894736842104 105.72815533980582 199.73684210526315 96.11650485436893
0 0.21528326745718052 0.8583333333333334 0.10013175230566536 0.48898989898989903
0 843.8881578947368 178.94030159058045 229.6973684210526 124.74695310886179
1 1.1036260525863553 0.3487059115747641 0.11754597009795499 0.23247060771650938
1 863.4919590643274 268.8511920449608 110.59502923976606 55.92104794535184
1 0.7504858090869434 1.0729412663838895 0.07233598159874154 0.10729412663838894
1 546.0629568713449 591.8310907549736 124.41940789473682 83.88157191802776
1 0.6630798313217974 0.7450981016554787 0.07233598159874154 0.13113726589136426
5 3290.2021198830403 1574.685872824794 304.1363304093567 83.88157191802776
5 0.8236437904765798 2.491608051935921 0.0756239807623207 0.19074511402380256
7 3166.9848318713443 647.4608832422767 674.3892543859648 812.6027279558939
