0 0.28236397748592873 0.495 0.21575984990619138 0.81
0 1096.1260869565217 200.0 291.9913043478261 227.16049382716048
0 0.6181690937788499 0.6823369565217392 0.24315792608475537 0.9068478260869566
1 933.5496631965707 88.76902792760397 90.47617881200244 23.157137720244513
1 2.182895018260872 2.590993788819876 0.2542105590886079 0.8636645962732921
1 749.3787853776723 51.524631427544044 114.07866024122046 31.262135922330092
5 1.6129221680104777 7.788975155279505 0.26297644043649093 0.9276397515527952
5 986.780411086557 260.87713424840973 64.6445741366916 23.716103113491794
5 3.325878511402679 10.330533596837947 0.27844564281510803 0.8433088650479956
5 396.8458578946901 295.8583863408101 75.4186698261402 41.50318044861064
5 1.9424898415434917 6.01158748084214 0.7822996631472082 1.0842542550617085
