0 0.4675 0.64 0.495 0.72
0 594.9494949494949 267.36111111111114 119.1919191919192 298.61111111111114
0 0.7089406779661017 0.6329302325581395 0.5621186440677965 0.7367441860465116
0 283.74792703150916 264.6780303030303 225.93095130408565 282.32323232323233
0 0.8564563592686507 0.45869409660107335 0.34966435339650337 0.3364937388193202
0 376.07493793021854 601.7942583732057 157.29370027499635 579.5055821371611
1 1.6307073935673293 0.18895417641392595 0.37509448818897634 0.0914572726021742
1 786.4685013749818 1066.0715897806267 95.97581711694693 273.3516896873401
1 1.4899586614173226 0.4335074721343058 0.3334173228346456 0.09877385441034815
1 554.8601927073495 1103.5308954044472 143.9637256754204 364.46891958312017
1 0.6494691601049868 0.24693463602587037 0.1736548556430446 0.049386927205174076
