0 0.116 0.8086053412462908 0.188 0.3827893175074184
0 1617.0212765957447 724.9418604651163 308.51063829787233 305.6511627906977
0 1.554241379310345 0.9766035151791828 0.13289655172413795 0.25192117476983944
0 1497.405293201868 1034.0536091815163 662.1691748832382 599.3938387194202
0 0.17744710031347963 0.4404449678095206 0.16461050156739812 0.24357941401587124
1 2876.487195479021 1102.3099020285226 176.17345019829273 69.79243327554893
1 0.34341156361474434 3.109219578908474 0.13055315641552265 0.25790761484033425
1 930.6553999605463 783.2261956478268 191.49288065031817 77.54714808394326
1 1.088813324505459 2.5274946254352755 0.13055315641552265 0.2836983763243677
1 2274.93542212578 810.7201845139522 168.51373497228 70.49740734903932
2 0.9939842590727294 2.993017870222079 0.05340810944271381 0.1702190257946206
2 1853.65108469508 1266.0159403098312 224.68497996304 76.3721912947926
6 0.19582973462328396 3.2996303461726453 0.18692838304949833 0.7332511880383656
6 655.3311915588667 327.99128582852893 262.13247662354667 80.46355868558506
6 1.8406723432935295 3.7905358025712124 0.12589054368639685 0.6213993118969201
