0 0.256 0.7026666666666667 0.1 0.3546666666666667
0 4655.0 697.8383458646616 390.0 296.05263157894734
0 0.4512820512820513 0.8748444444444445 0.09230769230769231 0.4458666666666667
0 2470.0 584.2553827751196 411.66666666666663 280.3528708133971
0 0.7263157894736842 0.9184853333333335 0.10688259109311742 0.41733120000000007
0 3803.238636363636 591.8560606060605 327.4621212121212 263.5796221322537
0 0.1755928282244072 0.9769344000000001 0.16185078079814924 0.54253056
0 2363.2879502572896 469.09799882978024 253.3197541452258 200.910341345564
0 1.3559937366869332 1.229404113027523 0.16974594083708336 0.5873266612844037
5 421.2177307298522 550.800808688898 123.7142985360405 11.918410079821594
5 1.1599305957200696 27.14288213221494 0.13741338067763892 0.5873266612844037
5 1258.974920396177 548.2468636717933 101.88236350026864 13.621040091224678
5 3.224306825186028 22.31841312880734 0.1275981392006647 0.44049499596330277
5 380.0995869048484 737.8063382746701 101.88236350026865 18.16138678829957
5 3.6169164842649955 16.656217034862387 0.1275981392006647 0.38543312146788994
5 1449.8644036576693 825.0458569541805 125.3936781541768 15.566902961399633
5 2.7672846439144156 19.43225320733945 0.09569860440049853 0.4496719750458716
5 3051.246168418302 686.0556519416838 104.49473179514733 15.566902961399633
5 3.6987510600792683 19.624969768073395 0.08612874396044867 0.4496719750458716
5 4591.962936108975 662.7052974995844 127.71578330518008 8.89537312079979
5 1.769554194096491 35.861340009908254 0.15659771629172486 0.8993439500917431
5 798.2236456573754 363.04241549264145 89.40104831362605 7.783451480699817
5 3.445149758417947 40.08504463266055 0.1342266139643356 0.7708662429357798
