0 0.6652719665271967 0.30428134556574926 0.100418410041841 0.37003058103975534
0 1339.3958333333333 264.8429752066116 507.875 329.702479338843
0 0.7344326852079744 0.8538000701859929 0.08663549101649028 0.26994034190605104
0 184.6818181818182 1039.1184882533196 369.3636363636364 344.5205682978921
0 1.2575682992862416 0.8373955767730723 0.06768397735663302 0.22349899276092397
0 2408.2509090909093 1228.1934545165116 531.8836363636365 469.80077495167103
0 0.7849461262887302 0.5800331002604932 0.09588563458856345 0.22775611643256063
0 2085.818181818182 1235.971197653228 438.0218181818182 390.76886888503475
1 0.31162831241283123 0.11387805821628032 0.03881085209537092 0.033267747344081895
1 10899.01347593583 6808.39606172772 463.7878074866311 390.7688688850347
1 0.3525319065329525 0.5860241647534427 0.03665469364562809 0.030708689856075597
1 8430.025441962884 1481.6652945224232 436.5061717521234 358.2047964779485
1 0.8499307089080013 0.7691130959408025 0.03665469364562809 0.04187548616737581
1 5510.890418370558 6567.0879354290555 381.942900283108 382.0851162431451
2 0.06283661767821958 0.783856756695566 0.020945539226073194 0.023554960969148893
2 7805.9580245360185 12099.362014366261 429.68576281849647 424.53901804793895
2 0.413092579180888 0.6783828759114882 0.016290974953612484 0.023554960969148893
2 7611.576369927651 2419.872402873252 491.0694432211388 424.53901804793895
2 0.9306219442251131 0.7325592861405306 0.012218231215209364 0.018843968775319117
5 9494.009235608683 7031.427486418988 982.1388864422776 477.60639530393127
5 0.33752863732015864 0.3234881306429782 0.021381904626616387 0.018843968775319117
5 6103.291651462724 8198.909786050821 982.1388864422775 371.4716407919465
5 0.3161467326935423 0.4199513041356832 0.019345532757414827 0.02153596431465042
7 6952.509485604543 4875.565285394298 2636.267537292429 4921.999240493291
7 0.12005610034748614 0.02163754905198368 0.01782823607055876 0.02133279483998391
7 11190.114333826376 13500.340773924454 2299.722745297651 3656.342292937873
