0 0.529 0.4713855421686747 0.214 0.48493975903614456
0 1866.822429906542 336.1242236024845 939.2523364485982 453.6645962732919
0 0.4413084577114428 0.19838444687842277 0.03300497512437811 0.061719605695509314
0 3696.4124208622247 2649.0771960958295 2120.8923726258668 2316.9299023957406
0 0.02498948116560057 0.07423616908830491 0.04903596304193319 0.13725059168651724
0 224.3251547969667 2233.1415568688503 448.6503095939334 284.15178048249646
0 1.0821345480390254 0.297376281987454 0.06463831491891192 0.594752563974908
0 1322.7448782855624 277.42629455391665 1531.5993327517037 309.3723527146707
0 0.22296954085665072 0.5284893707059645 0.0541917185683807 0.4880849845663648
0 8608.326370224937 339.0802938693907 1236.351268606797 678.1605877387814
0 0.12779539602692763 0.2329831648383252 0.09544213120998392 0.2270848568677347
