0 0.07 0.4266666666666667 0.14 0.7
0 942.8571428571428 182.14285714285717 614.2857142857142 304.2857142857143
0 0.4102325581395349 0.35821596244131454 0.08790697674418606 0.3943661971830986
0 3242.0634920634916 201.5892857142857 386.77248677248673 261.1785714285714
0 0.8790697674418606 0.45562696567756056 0.17064295485636116 0.47477095583207995
0 1195.4785954785955 168.5023041474654 222.687189353856 197.99020737327186
0 1.0103859169126648 0.537905391448048 0.18860537115703074 0.5606337882697965
1 662.7594921245715 68.67227913397268 180.27058185788346 58.86195354340515
1 2.01363969794124 1.1637398332266988 0.11094433597472396 0.3567669561716887
1 76.61499728960047 100.90620607440883 153.22999457920093 78.4826047245402
1 1.8664752993394738 0.44595869521461085 0.07831364892333456 0.15290012407358086
1 2713.4478206733497 412.03367480383605 217.07582565386798 143.8847753283237
1 1.4695325886202193 0.2432501973897877 0.0644935932309814 0.08340006767649864
1 3674.7836199976223 707.4334786975916 341.11915459893544 239.80795888053953
1 0.971801188912288 0.20016016242359674 0.05569901233584757 0.08340006767649864
1 6086.283863633637 509.5919126211465 251.35095602026823 179.85596916040464
2 0.654463394946209 0.6533005301325727 0.08354851850377136 0.08340006767649864
2 3189.763322828642 1211.0301923467246 107.72183829440065 143.8847753283237
2 3.1377110282527467 0.9104507388017768 0.11139802467169516 0.09730007895591508
2 2302.554293542814 1202.4656223867053 80.7913787208005 123.32980742427748
2 0.5941227982490408 0.46622954499709307 0.17328581615597025 0.1378417785208797
2 1656.22326377641 750.8608863772188 57.708127657714634 108.82041831553894
2 3.7516379197767558 1.1165184060191256 0.15595723454037322 0.10108397091531178
2 1846.6600850468683 994.2229127919694 51.29611347352412 89.03488771271368
2 0.779786172701866 0.7525140057028765 0.35090377771583975 0.13477862788708236
5 135.36474388846642 1676.8237185894411 42.746761227936766 89.03488771271368
5 5.497492517548156 1.768969491017956 0.23393585181055984 0.10108397091531178
5 1216.145356934801 1261.3275759301105 38.47208510514309 69.24935710988842
5 3.0541625097489757 3.299669622021249 0.7018075554316795 0.18772737455700758
5 463.80235932311393 921.5491369238998 21.373380613968383 74.57623073372599
5 16.118180189747573 2.212501200136161 0.6082332147074556 0.1609091781917208
5 494.05391342288453 991.242400169108 27.949805418266344 55.932173050294494
5 9.695953010924734 2.93212280260469 0.5724547903128995 0.14303038061486292
5 441.0828667570157 1157.0968299779674 15.721765547774817 62.9236946815813
7 7.855351844849231 2.2884860898378068 4.516032234690651 2.8606076122972586
7 6.200132892080211 48.76586337822551 11.957399149011835 63.97242292627433
