0 0.894 0.6628895184135978 0.12 0.5382436260623229
0 525.0 428.2447368421053 650.0 455.18421052631584
0 0.5853846153846154 0.47343469965890034 0.0876923076923077 0.34052147771289815
0 2810.964912280702 684.2446519524619 946.4912280701755 704.8013582342955
0 0.18119555143651528 0.3355555394962517 0.0750139017608897 0.33058960127960524
0 4245.8796639486045 698.7515611679067 973.1529528045467 738.075242099434
0 0.35657293028806475 0.2933305273648956 0.04110350781418614 0.21542519099777555
0 2773.485915492958 1049.0880799652332 1070.4682480850013 872.6927390861232
0 0.1924391502209624 0.24693685457457784 0.02989346022849901 0.17761119470561282
0 4599.66825349024 1086.6432170556245 769.3990533110947 563.0275736039505
0 0.35872152274198815 0.38719240445823594 0.03899146986325958 0.2877301354230928
1 11322.989401228277 505.6821725887333 641.1658777592455 52.132182741106526
1 0.5989089770996672 2.7718003045757937 0.031193175890607668 0.21100209931026803
1 10883.790774963192 687.196954314586 673.2241716472078 66.3500507614083
1 0.34758110278105686 1.8613399474870074 0.04456167984372524 0.3165031489654021
5 8987.542691490224 908.3637901859469 381.49369726675104 28.435736040603555
5 1.2136504569202817 11.376529854478619 0.0366978539889502 0.3868371820688248
5 7125.757273946814 889.2630179970566 572.2405459001266 36.190936778949975
5 0.7610435910565625 8.579496073740723 0.04019288770218355 0.24868104561567309
5 8969.248556391114 1127.950862943941 422.9604034913979 44.233367174272196
5 0.24825018874878074 7.076106116155061 0.0331000251665041 0.2712884133989161
5 10558.904358588827 1072.6591539761007 392.7489460991552 36.861139311893496
5 0.5856158298689187 9.467965627622172 0.035646180948542876 0.21703073071913287
5 7883.032418133044 1352.3430485050926 336.64195379927594 50.684066553853555
5 0.6401459995342491 5.672394098340973 0.03861669602758811 0.21703073071913287
