0 0.396 0.38738738738738737 0.144 0.2822822822822823
0 1791.6666666666667 393.2234042553191 319.44444444444446 425.1063829787234
0 1.3836521739130434 0.25405405405405407 0.18156521739130435 0.41871871871871874
0 2304.956896551724 243.60028687544823 192.76819923371647 377.3416208462826
1 1.3565515527950311 0.16695746379290682 0.10893913043478261 0.06890308029548536
1 1854.2464878671776 1429.5442174368782 201.9476372924649 391.8547601096011
1 2.0896505928853752 0.08804282482200908 0.07922845849802371 0.05869521654800605
1 5534.627434546616 511.11490449078406 315.5431832694764 374.817596626575
2 0.5847060237154149 0.3668451034250378 0.047537075098814226 0.03468353705109448
2 5753.404041613453 3416.606553865318 273.4707588335462 374.817596626575
2 0.8209287199756765 0.3428334239281262 0.062163867436910915 0.03468353705109448
2 6796.552682774898 3503.1029223176047 241.29772838254075 432.4818422614327
2 1.6991457099422318 0.25087758466958343 0.07459664092429309 0.04393248026471968
2 3371.465482678278 2754.2264691385976 120.64886419127039 273.14642669143115
2 1.525086881118881 0.6223768037501954 0.08288515658254787 0.04393248026471968
5 2219.939101119375 3869.5743781286083 120.6488641912704 273.14642669143115
5 1.84419473396169 0.6150547237060755 0.19063586013986009 0.036610400220599734
5 1319.2691019175872 4479.6013977394705 47.21042511832321 327.7757120297174
5 5.5496217062937045 0.4942404029780964 0.29654467132867124 0.04271213359069969
5 1505.6753439522365 4389.853286112287 124.77040924128276 398.01336460751395
5 3.390226918162917 0.42963381435350867 0.1442649752409752 0.025124784465117466
5 2977.1605982850524 7243.843235856753 117.83871983898926 477.6160375290167
