0 0.246 0.39466666666666667 0.112 0.4266666666666667
0 1696.4285714285713 322.265625 321.42857142857144 297.65625
0 0.21777777777777776 0.5576902887139108 0.21777777777777776 0.7122309711286089
0 218.1122448979592 201.47958431603774 160.71428571428572 226.0502653301887
1 0.7808888888888889 0.34284410100911294 0.16799999999999998 0.07520451247941833
1 1110.1190476190477 1070.4144917105993 113.0952380952381 172.86196760543842
1 0.7162105263157894 0.4136248186368008 0.3006315789473684 0.13305413746358627
1 172.96918767507003 537.3752471212542 79.83193277310924 112.73606582963374
2 2.4802105263157896 1.2994954092276927 0.12526315789473685 0.15079468912539779
2 371.21848739495795 1160.518324716818 135.7142857142857 119.36759911372984
2 0.6742105263157896 1.4786257017018172 0.12526315789473685 0.1256622409378315
2 1149.579831932773 1213.5705909895867 111.76470588235293 103.4519192318992
2 1.5657894736842106 1.4306162814460817 0.05368421052631579 0.11599591471184445
2 2617.156862745098 823.3048572205312 167.6470588235294 94.83092596257427
5 0.36385964912280705 2.7786294115064556 0.14315789473684212 0.17926641364557777
5 614.7058823529411 1428.0421792011184 223.52941176470586 66.93947715005243
5 0.5010526315789474 3.331367520246987 0.0805263157894737 0.14938867803798148
