0 0.394 0.6156156156156156 0.104 0.4444444444444444
0 4504.807692307692 465.75 490.3846153846154 306.0
0 0.5526274509803921 0.6470588235294118 0.08564705882352941 0.4117647058823529
0 3759.6153846153848 493.0 560.4395604395604 335.14285714285717
0 0.7039117647058823 0.6265984654731457 0.09100000000000001 0.42966751918158563
0 3934.0659340659336 484.09523809523813 417.5824175824175 288.59523809523813
0 0.995013157894737 0.6791518851579902 0.08381578947368422 0.3950169127959739
0 3579.27786499215 483.52360066833756 286.342229199372 253.15371762740185
0 0.6321107456140351 0.7781833182080686 0.1117543859649123 0.44241894233149076
1 3230.2982731554152 344.69591016231055 143.171114599686 24.863311552691254
1 1.3689912280701757 5.469906923371158 0.1117543859649123 0.4826388461798081
1 3516.6405023547873 299.3957099469905 161.06750392464676 26.93525418208219
1 1.9929532163742694 5.253338210341758 0.1117543859649123 0.4826388461798081
1 2715.777080062794 300.431681261686 98.43014128728413 20.71942629390938
5 2.04713716108453 13.20017244301775 0.1117543859649123 0.5309027307977889
5 2845.5259026687595 496.32443894955645 107.3783359497645 20.71942629390938
5 2.630884502923977 12.138366981422173 0.08381578947368422 0.5309027307977889
5 4969.230769230769 469.0124679257668 107.3783359497645 15.068673668297729
5 4.479488304093568 17.81842290240079 0.13038011695906435 0.7299912548469598
5 2059.3630858936976 351.3740723562152 99.70845481049561 12.328914819516324
5 3.846213450292398 22.426953551687152 0.13038011695906435 0.7299912548469598
5 3501.30074007625 353.42889149280126 69.02893025342004 16.43855309268843
5 4.867524366471735 16.090223908918407 0.1448667966211826 0.7908238594175399
5 1287.3895492262839 340.78385065227167 89.73760932944606 18.96756126079434
5 4.4295808966861605 14.129386288260047 0.1448667966211826 0.843545450045376
5 2471.2357030724374 297.5536172787112 69.02893025342004 26.080396733592217
5 4.440167316439247 9.068113587987792 0.10140675763482782 0.2684008250144378
5 1824.3360138403868 1007.8210452052422 98.61275750488578 48.43502250524269
5 3.721628005198181 5.275108522399143 0.10140675763482782 0.5574478673376785
5 2923.8682600198636 418.8732501842285 88.7514817543972 12.557228056914772
