0 0.7275 0.7383333333333333 0.095 0.45
0 3463.157894736842 504.44444444444446 610.5263157894736 324.44444444444446
0 0.6207758620689655 0.6210616438356165 0.06551724137931035 0.3482876712328767
0 3853.9473684210525 612.999016715831 656.3157894736842 318.7020648967552
0 0.05180433039294307 0.6353896704924101 0.10360866078588614 0.611856719733432
0 1862.7786377708976 336.6801300960593 443.97832817337456 205.93056501021104
0 0.3085736201666609 0.9930531681387845 0.11261810954987624 0.6555607711429629
0 537.2137770897832 298.21796636663896 346.30309597523217 212.03221138088398
0 0.5212197121475041 0.8842996013619103 0.08374167120375413 0.5329378930874445
0 1110.5582043343652 374.340054606074 549.3083591331268 287.0878614272146
0 0.21390535579219805 0.675751315418067 0.04915272005437742 0.4179905043823095
1 6764.630718954248 388.76481234935306 467.9293429652562 40.6707803688554
5 0.5107608736085306 6.52802817138254 0.021370747849729317 0.17211373709859804
5 18249.24437564499 1472.863260500692 561.5152115583073 52.29100333138551
5 0.5315973527620168 5.421582718605838 0.01602806088729699 0.17211373709859804
5 17656.533874555662 1603.5907688291556 1247.811581240683 46.48089185012046
5 0.29531702184844705 5.346282958625201 0.010418239576743043 0.15059951996127327
5 29899.48519665175 1945.5573302978992 2015.6956312349494 53.12101925728052
5 0.13022799470928803 4.941546748729279 0.006449386404650455 0.1317745799661141
5 23490.60677939191 2014.8043732582828 2635.909671614934 83.47588740429796
5 0.06639074240081351 2.8810714983500403 0.002276254025170749 0.08385655088752716
5 39758.304213525254 3249.5970453815994 7468.410736242313 107.3261409483831
5 0.02617692128946361 2.464450856638993 0.0009372810691879554 0.08385655088752716
5 125362.60878692454 2969.356566238599 16003.737291947813 95.40101417634052
5 0.021213794865954056 3.113174451699446 0.0005623686415127733 0.06289241316564538
5 186710.2684060578 4277.145468905933 39120.24671365021 95.40101417634052
5 0.010122635547229919 2.80919445473216 0.00020449768782282663 0.06289241316564538
5 877760.5356375267 4197.644623758983 73350.46258809415 127.2013522351207
5 0.001785946473652686 2.0518649795291806 0.00010906543350550753 0.06289241316564538
7 554712.873322462 3243.6344819955775 357583.505116959 1908.0202835268103
