0 0.63 0.7108433734939759 0.116 0.46987951807228917
0 2051.7241379310344 501.1923076923077 379.31034482758616 338.38461538461536
1 0.8541818181818183 0.4920436462832462 0.06854545454545455 0.050238690611502615
1 3442.970822281167 3294.2737556561087 379.31034482758616 338.38461538461536
2 0.8014545454545455 0.6471925437599455 0.03163636363636364 0.029552170947942717
2 9482.758620689654 7021.480769230769 442.52873563218384 304.5461538461538
2 0.5784935064935066 0.7289535500492538 0.01807792207792208 0.03940289459725696
2 13580.10057471264 5532.58846153846 940.3735632183906 253.7884615384615
5 0.2461787624140566 1.2274001667045542 0.01807792207792208 0.027582026218079873
5 13690.732758620687 11275.458791208788 940.3735632183906 290.043956043956
6 0.24990068754774644 0.7412669546108966 0.04040947288006112 0.22065620974463898
6 8030.295296430731 958.5046359890108 965.120235934664 285.51201923076917
