0 0.126 0.655688622754491 0.236 0.688622754491018
0 1656.7796610169491 261.39130434782606 220.33898305084747 246.8695652173913
0 0.9666923076923076 0.8000176118351532 0.2723076923076923 0.7412821415991546
0 510.45197740112997 285.9909717272511 286.4406779661017 329.15942028985506
0 1.0159171597633136 0.6000132088763649 0.19550295857988165 0.5741898555829518
0 1864.4219128329298 346.57526263323365 260.86561743341406 299.55248830611146
0 1.2650191437521754 0.6710009358847285 0.2300034806822137 0.7344288850479617
0 758.6841707021791 298.87168719632484 230.43129539951573 281.8516594516594
1 0.3102877145052506 0.41156401287711863 0.19528597416414373 0.0922471063345266
1 834.6733588915791 1403.8380730380727 153.62086359967716 292.6921078921078
1 0.7713795979483676 0.34848906837487825 0.2538717664133868 0.08883054684065524
1 817.3417742803337 1992.5578114193495 90.59691955878397 292.6921078921078
1 2.4007438780396364 0.66793738105185 0.2317959606383097 0.07858086835904117
1 1091.4771737320164 2106.110602441037 103.53933663861025 292.6921078921078
1 2.5449264845081085 0.5193170430684461 0.18350513550532851 0.0683311898774271
5 2024.4665032233531 4046.468391608391 70.84270401589123 219.51908091908086
5 4.806422972274182 1.3802900355240275 0.352894491356401 0.08199742785291253
5 629.0832116611141 3274.4929570429563 68.00899585525558 134.15054945054942
5 4.697907916182088 2.206476240405646 0.2499669313774507 0.07454311622992048
5 1218.161131642666 3816.5831318681307 60.00793751934315 174.39571428571423
5 3.457875884054735 1.6227462994667305 0.31662477974477093 0.06880903036608045
5 912.7523127942195 4011.101428571427 63.16625002036121 116.26380952380948
5 3.0079354075753235 2.6835521842771373 0.31662477974477093 0.154820318323681
5 1244.3751254011158 1676.1365873015866 56.849625018325085 71.0501058201058
