0 0.20212765957446807 0.4741666666666667 0.4 0.8216666666666667
0 780.0 384.5841784989858 695.0 662.0689655172414
1 0.5719424460431655 0.14651041666666667 0.1539568345323741 0.15104166666666666
1 500.14018691588785 691.8620689655173 831.4018691588785 867.3103448275863
2 0.17741119604316546 0.2000437340966921 0.09020908273381295 0.11875795165394401
2 2222.6143302180685 3961.839973217275 654.0361370716511 917.8332775359894
5 0.09403150149372028 0.5583802772719845 0.1850050679795147 0.05120755713518686
5 1499.958909399861 5936.623752573209 351.34172652609357 624.9077634287588
5 1.2224565645723318 0.9137348476309906 0.11100304078770881 0.060808974098034395
6 855.8324107686894 4538.803755429933 1693.6472971001433 4538.803755429933
