0 0.132 0.6606606606606606 0.156 0.6726726726726727
0 1772.4358974358975 294.3482142857143 442.3076923076923 294.3482142857143
0 0.8568695652173913 0.6217126217126218 0.08591304347826087 0.42806442806442807
1 3008.8562753036435 265.1470025510204 314.2712550607287 63.07461734693877
1 0.17182608695652174 1.9183628072516963 0.10182286634460548 0.4439186661408884
1 3692.6872469635628 287.2147754190962 176.77758097165992 33.7899735787172
2 1.6970477724100912 3.5661466179984695 0.10182286634460548 0.5622969771117919
2 2946.293016194332 346.7918340973607 216.061487854251 49.795750537056925
2 0.4142339335382814 3.8758327350919948 0.12496442687747036 0.5221329073180926
5 712.2026821862348 604.2522805554407 240.06831983805665 21.06743291952408
2 1.570386297760211 7.689593725957364 0.11663346508563902 0.7594660470081347
