0 0.69375 0.4859375 0.51875 0.64375
0 442.4096385542168 437.28155339805824 329.6385542168674 560.7766990291261
0 0.32156432748538016 0.5126817867036012 0.6431286549707603 1.0146641274238228
1 852.0845646737894 185.28298667394677 155.4898840645601 163.6009350418892
1 0.8553611111111112 0.41564554617361416 0.5916783625730995 0.7701667473216968
1 432.66750348399336 173.98829599692976 98.02623125809224 90.8894083566051
2 2.4432235833837472 4.136895671327971 0.45906079854809445 0.6821476904849314
2 971.5488698024253 703.6599356640396 108.9180347312136 96.75324115380543
2 3.5393587568058082 4.811208332132358 0.37642985480943747 0.775167830096513
5 1572.6701600214255 502.4718323920962 239.0883689221762 101.91341401534171
5 0.20912769711635415 5.239742041411873 0.4182553942327083 0.9812251013879912
7 545.1214811425617 305.23067497594843 396.88669241081243 294.52976650433754
