0 0.5013661202185792 0.7281818181818182 0.319672131147541 0.5036363636363637
0 722.6153846153845 501.3537906137184 425.4358974358974 319.67509025270755
1 0.4607039537126326 0.8586843591191419 0.11752651880424302 0.07194805194805196
1 2114.41641025641 2543.501805054151 297.8051282051282 305.7761732851985
2 0.48857452817192454 1.167520661157025 0.11081071772971483 0.07194805194805196
2 2481.709401709402 4114.0794223826715 234.63434343434344 250.18050541516243
2 0.6179828488772559 1.1891414141414143 0.19604973136795703 0.08393939393939395
5 933.4366271409749 6272.3826714801435 204.0298638559508 202.52707581227435
5 1.058668549386968 2.6243404634581107 0.12743232538917207 0.07406417112299465
7 1518.453025235634 5569.494584837545 776.8829431438127 3361.9494584837544
7 0.30442166620746663 0.07718735906191612 0.13515549662487947 0.03718080879668406
