0 0.367 0.4349593495934959 0.242 0.3875338753387534
0 502.06611570247935 199.9825174825175 202.4793388429752 152.24475524475525
0 1.4297755102040817 0.8637407560516283 0.49881632653061225 1.4778834229020255
0 799.8936257262089 128.90055944055945 228.54103592177398 104.87972027972029
1 1.6999135338345865 1.1823067383216204 0.1531453634085213 0.20976409873448104
1 910.8992717453564 271.7338207247298 84.88667048523034 76.27616020343294
1 3.0334562367457103 0.47852435023803486 0.3651927896664739 0.4850794783234874
1 535.3336799955655 217.49013247195066 79.41011109908645 59.784017456744735
5 2.06522818983799 3.746820798084868 0.4281570637469004 0.267630057006062
5 857.1620815695509 956.5442793079158 46.71183005828615 82.20302400302401
6 5.92997533289457 1.2286652617096483 1.6698125486129116 1.0948502332066172
6 228.4687585543098 169.88624960624963 47.31069967441802 71.24262080262082
6 3.698951848193159 2.1756639249618672 2.1559605058040123 1.1790694819148184
3 88.82351948677501 106.86393120393123 11.595759724122065 18.658781638781644
6 9.831179906466296 3.5908025131042196 2.5871526069648145 1.8221982902319922
5 166.39915204115164 130.06268377621322 11.209234399984663 34.024837106013585
5 11.017701619315677 2.92433435287231 2.230303971521392 0.49963501506361074
