0 0.192 0.6146666666666667 0.12 0.6213333333333333
0 3741.666666666667 276.82403433476395 350.0 167.38197424892704
0 0.48714285714285716 1.8789358974358974 0.29428571428571426 0.7228974358974359
0 936.1650485436894 269.05614868939097 159.70873786407768 225.4815025006207
1 1.7876291793313068 0.5499342457133869 0.16905775075987842 0.08869907188925595
1 558.9805825242719 1437.444578441457 195.19956850053939 304.4000283758379
1 0.837604310583034 0.8902758697032728 0.1793036750483559 0.10512482594282188
1 2571.0571736785328 1222.356363946724 100.3883495145631 161.71251507466388
2 1.1804158607350097 1.5459533226885571 0.14941972920696325 0.09894101265206764
2 1402.0906148867314 3224.1432693011116 127.15857605177993 161.71251507466388
2 3.597869795378194 1.0914430458181212 0.07077776646645628 0.08038957277980496
5 1483.5167206040992 4024.1537405118283 282.5746134483998 534.8952421700421
5 0.295497174997455 0.5851613088390454 0.0743166547897791 0.0785200478314374
5 3579.2784370130644 3260.313857036447 349.85428331706646 509.4240401619449
5 1.2705289636175696 0.4083042487234745 0.07717498766630906 0.06281603826514992
5 2701.65252117068 5746.939953076941 349.85428331706646 445.7460351417018
