0 0.08125 0.55859375 0.1625 0.7078125
0 1144.6153846153845 486.00441501103757 578.4615384615385 296.68874172185434
0 0.22386968085106385 1.1999107142857142 0.19188829787234044 0.930267857142857
1 979.7366597366597 275.18955753911126 125.07276507276507 30.098857855840297
1 0.9434507978723404 7.907276785714284 0.25585106382978723 1.3289540816326528
1 121.16424116424116 118.89048853056917 234.51143451143452 39.12851521259238
5 0.3219459219858156 14.362926805337517 0.23453014184397164 0.9200451334379905
5 119.38763938763938 580.4063089867869 85.27688527688527 23.911870407695343
7 0.5159663120567376 16.142610068502925 1.0319326241134752 16.058969601826746
7 180.24432569887114 22.417378507214384 89.15310733492552 11.084148261900445
7 1.2506574737897007 32.83969064643222 0.751516150169596 18.043786069468254
6 42.58058857787487 15.157572748148858 79.8386035835154 8.811897868210853
6 1.4466685890764723 34.385328170118754 0.6387887276441566 9.078634500361387
6 287.2624266191191 34.80699657943286 82.96952921424149 8.811897868210853
