0 0.2975 0.6830188679245283 0.25 0.6339622641509434
0 780.0 282.3511904761905 312.0 230.29761904761907
0 0.1842948717948718 0.736004135435513 0.23397435897435898 0.5775135693977772
0 617.5890410958904 264.06305943430004 183.78082191780823 185.27703186537772
1 0.620304114490161 0.6152948309471645 0.22853309481216458 0.18350898466845258
1 601.6634050880626 580.3530556959626 74.38747553816047 70.84121806617384
1 2.372711249079238 1.637464786272346 0.3360780806061244 0.28232151487454243
1 156.213698630137 396.71082117057347 80.33847358121331 63.75709625955645
2 1.9977974791586284 2.540893633870882 0.2116047174186709 0.15684528604141246
5 1042.0372602739726 1434.5346658400201 118.14481409001958 76.50851551146775
5 1.527786059762804 3.189187482842053 0.11003445305770886 0.18298616704831452
5 1222.3444227005873 1090.2463460384154 209.02544031311157 60.11383361615323
5 0.28704639928097964 3.817756848871653 0.09568213309365987 0.21625637923891716
7 1964.8391389432488 855.4660937683344 689.7839530332682 499.40723311881146
7 0.16454427433530902 0.4024771502502069 0.12902590674751105 0.25229910911207004
2 1646.9560676356123 509.3161067918037 224.76106334791885 99.0887367299229
7 0.24915347509864202 1.7206799241443176 0.24025513670226195 0.9789205433548318
7 605.6061984652258 142.503904884786 120.70501550166011 56.18433525923463
