0 0.07 0.6255813953488372 0.11777777777777777 0.627906976744186
0 3540.566037735849 221.37037037037038 322.64150943396226 175.1851851851852
0 0.2758479532163743 0.7563424947145877 0.15497076023391812 0.793446088794926
0 2326.245283018868 172.66453503863576 212.9433962264151 131.07380762057022
0 0.7208488392698919 1.0413979915433402 0.23950026581605527 1.0299540575703365
0 1338.2031076581577 129.61743198034168 146.13762486126527 115.53913412479893
0 1.4712159185843396 1.1987280417940471 0.31477177792967265 1.116504818710701
0 929.2446798243498 124.94348225123606 117.54548086666989 106.58261209962073
0 2.2161634635318843 1.3135350808361186 0.26372770583296895 1.050828064668895
0 494.82855655162655 130.37337372900035 87.21116322365832 95.16304651751851
0 2.1098216466637516 1.4396344485963861 0.3210598157966578 1.071844625962273
0 878.3410010382731 126.4175765012133 62.293688016898805 105.42572800470187
0 3.6681083954768154 1.2757796654152718 0.43343075132548803 1.052873924617808
0 559.4896053369615 132.96938667259693 39.221951714343696 91.17900800406647
1 2.2818854260959514 0.7786880067485872 0.433430751325488 0.15354411400676368
1 829.4289200768565 589.4071588834297 29.99325719332165 71.64064914605223
1 1.0502360512886824 1.018974574772159 0.5667940594256381 0.1675026698255604
1 736.5991104830465 534.3198415476395 33.52187568665361 77.61070324155658
1 4.564183741690665 0.9663615566859253 0.5369627931400782 0.1803874905813727
1 251.41406764990208 512.7850035602845 22.34791712443574 49.89259494100066
1 11.522326602797513 1.8038749058137271 0.6712034914250978 0.24051665410849693
1 470.05119018396505 349.2481645870046 22.34791712443574 66.52345992133422
1 9.10599403366716 1.2025832705424846 0.7606972902817776 0.18038749058137268
1 237.93958820722756 507.24138190017345 15.775000323131108 60.97983826122304
1 14.041204149784479 1.3775044735304822 0.8240887311385924 0.1639886278012479
1 293.65769832290215 588.4554392208023 14.561538759813331 67.07782208734534
1 20.25884797382373 1.2970009653371424 0.9614368529950245 0.20871279901977005
1 176.81868494059046 761.8124079919935 8.320879291321903 57.495276074867434
1 34.13100828132337 1.4522932265125665 1.4421552794925367 0.19132006576812255
2 93.26318872356633 786.6399135697771 6.240659468491427 88.85633575206785
5 25.79855555536649 2.250824303154383 1.6023947549917075 0.06752472909463149
5 255.86703820814853 2739.7370190220918 3.7443956810948564 177.7126715041357
5 22.567059466133212 1.1085309693035337 3.471855302482033 0.05627060757885957
5 121.83687485408647 3367.6551250033717 2.8803043700729662 124.39887005289499
5 77.42237324534933 1.5715576830952924 2.7774842419856265 0.05627060757885957
5 74.70789459876757 3554.253430082714 4.68049460136857 142.17013720330857
5 53.840463767721374 1.3399438429715935 2.136526339988943 0.07737208542093191
5 46.10287182348042 2487.9774010579 4.212445141231714 168.01925305845558
5 63.264918845228145 1.1337986363605792 1.661742708880289 0.041661892149732566
5 21.36311464481798 4728.5418360736785 5.416000895869347 192.02200349537782
5 26.403245263320144 1.0363395672245976 2.5849331027026716 0.031246419112299424
5 92.26544383320281 5888.674773858253 2.7080004479346735 192.02200349537782
5 11.447560883397545 1.0181124894090896 1.4771046301158124 0.03645415563101599
