0 0.677 0.6152597402597403 0.114 0.4577922077922078
0 2535.0877192982457 387.7304964539007 421.05263157894734 233.7304964539007
0 0.8419375 0.7423079257191406 0.083125 0.49201966258041024
0 3248.1203007518793 326.20647548566143 216.54135338345864 132.1085414739439
1 1.3207638888888888 0.9802545585255865 0.083125 0.08326486597514635
1 4012.0300751879695 1525.2531606537157 252.6315789473684 144.11840888066607
1 1.3715625 0.8465261374139877 0.06729166666666667 0.08326486597514635
1 4034.674922600619 1573.2926302806045 163.46749226006193 96.07893925377736
5 2.0095738636363634 2.5760067911060904 0.1162310606060606 0.09367297422203964
5 2486.426592797784 2417.9866378867305 86.03552224213786 96.07893925377736
5 4.091333333333333 2.6488635488343433 0.16272348484848484 0.11448919071582624
