0 0.119 0.6099397590361446 0.174 0.641566265060241
0 1614.9425287356323 295.37089201877933 287.35632183908046 197.95305164319248
0 1.56252 1.0204439806469974 0.08352 0.2727919552224647
0 2843.630268199234 711.1646670144322 514.8467432950192 454.55885932881233
0 0.32728186046511626 0.42348751113164884 0.09517395348837208 0.4025881274654116
0 3152.122918132771 546.4642024717962 483.3255141136915 139.09997881100267
1 0.3662128210313448 0.8051762549308232 0.057931971688574314 0.15815962150426885
1 776.7731476827184 676.5317151262403 655.9417691542956 151.74543143018474
1 0.3514031440583258 0.9225977921082349 0.03201503698579107 0.0922597792108235
1 9011.390495286394 1430.7426391988847 593.4711244729341 130.06751265444404
1 0.7599358779258827 1.3762083732281174 0.01348001557296466 0.046129889605411756
1 23293.741635562663 4335.5837551481345 1186.9422489458682 303.4908628603694
2 0.07371883516465048 0.5947460766983445 0.024432528225998448 0.049424881720084024
2 10191.331723707626 3773.4030615639263 491.14851680518683 141.62906933483907
5 0.17000967557257252 2.0405415453006115 0.07126154065916214 0.1129711582173349
5 750.7555899736427 2673.2486836950875 491.14851680518683 123.92543566798419
5 0.3624158353523103 2.2634578485687458 0.05700923252732971 0.07262431599685815
5 4665.910909649275 3449.2579594255603 315.7383322319058 68.84746425999123
5 0.5099159131611157 4.030649537825627 0.025337436678813205 0.10167404239560139
5 9847.089236482563 2483.426389378255 749.8785390507763 68.84746425999123
7 0.3767276769349858 2.8977102082746398 0.06267681704759055 1.5541603623327642
7 3725.4604014543893 131.26058606577766 558.4201886548335 66.91716152372979
6 0.30084872182843464 2.4358474909638517 0.08595677766526703 1.046069474647053
7 593.3214504457607 204.09734264737585 837.6302829822504 163.46906600796848
7 0.5360360162736791 1.260177261855514 0.028652259221755676 0.2691640753477797
7 10348.224121009885 826.6333451539315 1221.5441626824486 167.18427205360413
