0 0.1875 0.5734375 0.375 0.85
0 1417.3333333333333 437.05882352941177 578.6666666666666 629.4117647058823
0 1.0498271889400923 0.3511214953271028 0.1054147465437788 0.1811214953271028
0 2874.3606557377047 2614.267285861713 1555.75956284153 1827.50257997936
0 0.12405515904237384 0.14281785583194512 0.0771327413734967 0.14117627128215265
0 5652.593078324225 2266.6698666410666 1426.1129326047358 3173.337813297493
0 0.21421865899639309 0.07815115017404879 0.06380981331807453 0.07058813564107633
1 8141.380972397365 2599.5870033039732 1990.2894773714445 2224.1698066415465
1 0.04597321195751039 0.06744089392459522 0.05376102381916516 0.04945665554470316
1 6398.687665568009 3073.398278268319 595.2267595877217 727.9101185372334
1 0.5174498542594647 0.2115645820523413 0.06720127977395644 0.05220424751940889
1 3682.9655749490285 3323.4843570055264 520.8234146392565 785.3767068428044
1 0.8409760154569407 0.16998212302051433 0.11904226702815142 0.09294902607114267
1 3259.346530323089 1586.8912912234748 436.8196380845377 720.825196691341
2 0.7863657446955772 0.5479830641507665 0.08012460280740961 0.061041151449705636
2 3120.140272032412 7396.6494615031925 349.4557104676301 1032.0906225353292
5 1.02445027875188 0.5794064851892693 0.14307964787037433 0.07945038760120415
5 1995.3921067701679 7765.852611028026 370.4230530956879 553.8047242872499
7 1.440245134695183 0.8188806994805927 0.569618975483943 0.6662998414737348
7 539.8345442034315 399.2196657463644 159.75591389434882 183.10074895134008
