0 0.5200445434298441 0.615 0.18485523385300667 0.49666666666666665
0 2004.2710843373495 373.48993288590606 384.08433734939763 271.8120805369128
0 0.42829135167351545 0.6879753086419752 0.20568399259700743 0.596
0 325.74241268872964 325.503355704698 291.70962330334 234.8993288590604
0 1.0318480295283206 0.7513857142857143 0.27424532346267655 0.48957142857142855
0 477.6745081592192 393.2010504814707 102.09836815616899 271.66618033265246
0 1.7581084129125157 0.7306761546723953 0.38198455768015666 0.4159516648764769
1 157.07441254795228 312.5363136570338 57.593951267582504 28.84950587603389
1 4.9657992498420365 4.402155119942714 0.31253281992012816 0.5546022198353026
1 524.7448893268628 205.55272936674146 70.39260710482306 21.637129407025416
1 3.167946311008572 5.546022198353026 0.31253281992012816 0.9243370330588376
1 433.55446648652384 142.26412585119212 54.39428730827237 9.736708233161437
1 6.563189218322691 13.248830807176674 0.3676856704942684 2.054082295686306
2 1091.9653177135676 90.7948042742304 29.9168580195498 5.355189528238791
2 6.584916098851899 30.904601812371236 0.33425970044933495 1.6806127873797048
2 279.7226224827906 100.85606944849722 32.90854382150478 7.735273763011587
2 10.33166346843399 19.585602868309635 0.3038724549539409 1.4220569739366733
2 638.4257501371927 90.36206168608989 59.2353788787086 6.328860351554934
2 5.689167628859893 25.59702553086012 0.16881803052996716 1.264050643499265
5 941.8425241714667 208.06128405736848 118.47075775741719 6.328860351554934
5 1.13108080455078 41.31865540938223 0.15193622747697044 1.4220569739366733
5 2395.7419902055476 171.58243619771156 144.79759281462103 4.219240234369956
5 1.6402206375354762 60.31891664448055 0.11740526668674989 2.1330854609050096
7 2014.3900412151688 89.30725162749742 638.8129094762692 60.475776692636046
7 0.10253393290642825 3.356715880338891 0.08922800268192992 1.9842655450279159
7 4197.112887699348 97.76917231976161 706.0563736316659 59.46784708109212
7 0.42206261586055743 3.119332700022698 0.09914222520214436 1.5638703024372556
7 1780.270713514129 131.72447848069868 292.5090690759759 61.38616472886929
