0 0.397 0.6189759036144579 0.106 0.33433734939759036
0 2466.9811320754716 495.009009009009 481.1320754716981 266.1981981981982
0 0.26188235294117646 0.9654460538784351 0.10807843137254902 0.4132259374576959
0 865.1124818577648 533.6063882063883 379.3541364296081 200.85864045864048
0 1.1018727881396462 1.1550411745805476 0.1581635581061693 0.45803356923021715
1 565.8699201741654 412.6335113769897 120.1288098693759 43.664921838834886
1 2.05196405648267 2.9772181999964116 0.12486596692592314 0.4122302123071955
1 3519.774129172714 480.3141402271837 136.14598451862602 48.516579820927646
1 0.8153013134574981 4.369640250456272 0.14690113755990958 0.37100719107647595
1 1232.1211598935654 429.91080452433107 108.91678761490081 45.82121427532055
2 3.952558732471317 5.477812056482087 0.10099453207243783 0.3055353338276861
2 1757.5208910586268 693.8641018834254 89.11373532128249 26.183551014468886
2 3.1588845309323608 6.263474343467565 0.12343776142186845 0.3055353338276861
2 951.8967182046084 873.8760151078991 72.91123799014022 26.183551014468886
2 1.10408219938449 9.452499390294038 0.20572960236978075 0.802030251297676
5 702.3782593050175 369.0633857277519 63.18973959145486 19.949372201500104
7 2.049383346683585 13.007928138234183 0.7121409312800103 4.160531928606694
7 365.7983814127553 39.53821358008153 74.42347107438016 21.39149549317481
7 3.5539863457275986 6.9887586890640545 0.33591553362264637 2.4776201372601663
7 595.3877685950413 76.2828801549064 130.98530909090908 22.602334860713007
7 3.14920812771231 9.954723765777453 0.31301220178473865 3.00853873810163
5 859.3914181818183 64.81551908586819 57.505745454545455 8.642069211449092
5 2.0867480118982575 35.23461714430563 0.31301220178473865 2.1985475393819605
