0 0.32142857142857145 0.7684049079754601 0.05918367346938776 0.19325153374233128
0 1731.896551724138 1216.031746031746 321.0344827586207 331.1746031746032
0 0.2772287862513426 0.6944976993865031 0.056068743286788396 0.18721242331288343
0 7571.063218390805 405.95596518177166 517.2222222222223 245.71018945212495
0 0.7830290010741138 0.4273327053881035 0.054135338345864654 0.18721242331288343
1 3047.916666666667 1191.1602662570406 184.72222222222226 32.04915514592934
1 0.5738345864661653 6.490030674846626 0.054135338345864654 0.24961656441717792
1 1680.9722222222224 817.2534562211981 184.72222222222226 32.04915514592934
1 2.1924812030075183 2.7145801380368098 0.04330827067669172 0.18721242331288343
1 9640.190972222224 315.1500256016385 207.81250000000006 42.73220686123912
