0 0.8702031602708804 0.40049751243781095 0.14672686230248308 0.4975124378109453
0 776.9538461538461 365.82 422.5538461538461 293.46
0 0.5904572926527344 0.6184829278266204 0.1538265491880871 0.5077352961221291
0 256.7827218934911 357.46973154362416 409.5521893491124 269.8256375838926
1 0.3235240915463737 0.43361335508240223 0.05615889890993656 0.0592975528317815
1 828.0076871623359 2015.260230704698 338.32572163622325 219.23333053691275
1 0.747800074958629 0.5245552750503748 0.05320316738836096 0.06385890304961085
1 7114.238091072805 1119.6559380992328 545.0803293028041 328.8499958053691
5 0.716408167763964 0.7739090869583791 0.031188063641452976 0.02736810130697608
5 545.0803293028041 8897.219330956375 513.0167805202863 401.92777265100665
5 0.7280463606301678 0.6381743622944877 0.02534030170868054 0.022392082887525883
5 3689.774536818982 11030.684427199849 907.6450732281988 535.9036968680089
