0 0.139 0.5615615615615616 0.218 0.8768768768768769
0 1217.8899082568807 200.7123287671233 316.51376146788994 275.97945205479454
0 1.3538115942028985 0.7428089246271065 0.3886086956521739 0.9276052912416548
0 472.1973595882748 205.90654430650687 203.2893264712464 306.1647046232877
0 1.109256466703357 0.6075161414469993 0.2705503577325261 0.8753458382139558
5 850.1190016070303 345.0064955083317 140.45444374377024 13.708867371191989
5 1.4809072212727743 22.649573563786106 0.15663441763462038 1.240073270803104
5 1557.7674669763608 231.43793738424125 102.14868635910562 16.12807926022587
5 2.770471261912348 17.54703678186392 0.31326883526924076 1.1160659437227936
6 1382.199412296648 189.05692910598103 338.36752356453735 107.5205284015058
