0 0.814 0.6706666666666666 0.136 0.568
0 1430.1470588235293 424.29577464788736 492.6470588235294 320.42253521126764
0 0.3268059701492537 0.7146813186813186 0.10149253731343284 0.543032967032967
0 2226.7647058823527 407.8942043062976 433.52941176470586 340.67913226485354
0 0.5824287652645862 0.7118134838134837 0.14531886024423338 0.5723861003861003
0 2360.326797385621 418.4238573201663 385.359477124183 354.6557120500783
0 0.7940637720488467 0.683761720904578 0.14531886024423338 0.5667468284611141
0 2573.6507936507937 427.8806476226069 344.07096171802056 337.0111492615172
0 0.5899945725915875 0.4569581758272857 0.05812754409769335 0.1008868699878423
0 4868.604108309991 2284.73735014058 550.5135387488328 1734.6162094342797
5 0.3296921641791045 0.18822607457731722 0.023614314789687924 0.006341460399235802
5 6584.988867341809 48884.638629511515 804.5967104790634 1576.923826758436
5 0.31817182032421626 0.2108535582745904 0.019885738770263516 0.008243898519006542
5 15186.762910292322 40878.717662891766 1206.895065718595 1698.225659586008
5 0.1773145040348497 0.19137621561979473 0.009942869385131758 0.00588849894214753
5 38017.19457013575 56550.91446421407 1609.1934209581268 2037.8707915032098
5 0.24297887059915732 0.1675768657286151 0.014914304077697636 0.007360623677684412
5 27423.337882161413 47618.24749479167 1743.2928727046374 2037.8707915032098
5 0.16520459901449688 0.16193372090905706 0.011472541598228952 0.00588849894214753
5 29287.320261437908 56720.73703017267 1917.622159975101 2377.515923420411
5 0.12072242636318192 0.1354354756693932 0.01095106243467309 0.005047284807555026
5 32827.86507195471 64490.11942277865 2100.2528418774914 1783.1369425653083
5 0.1540290738094237 0.18086103893738845 0.00714199724000419 0.005047284807555026
5 38574.64386248326 62013.54033588239 2100.2528418774914 1981.2632695170091
