0 0.178 0.688622754491018 0.092 0.38323353293413176
0 3869.5652173913045 623.640625 760.8695652173914 495.78124999999994
0 0.33317142857142856 0.4750078789788844 0.07754285714285714 0.37314843996218094
0 2218.1282240235814 586.897804054054 593.2203389830509 305.50844594594594
0 0.5495428571428571 0.698835016946716 0.05731428571428571 0.3960610634686306
0 6595.214356929212 451.9505109448291 418.74376869391824 141.39233861961134
0 0.727175 1.301343494254072 0.045373809523809525 0.3677709875065856
0 6126.882510363645 581.8838550884005 749.3309545049063 337.16634593907315
0 0.20484940476190475 0.6258038577733029 0.028025 0.2669305554483283
0 15718.108831400534 612.5188617893162 249.77698483496877 78.67214738578373
1 1.0048964285714286 1.919357803461789 0.08807857142857144 0.20337566129396442
1 999.107939339875 853.1010982145923 204.36298759224715 63.92111975094928
1 0.9199317460317462 3.4104533970834034 0.07829206349206351 0.21901994293196167
1 1979.7664422998942 778.4679226812037 127.72686724515447 41.09214841132454
1 2.97118380952381 3.7841779028800047 0.07046285714285716 0.17034884450263688
5 3604.7360311410257 1808.0545300982794 113.53499310680397 58.703069159035046
5 1.4709121428571432 4.607936243796328 0.12331000000000003 0.11924419115184581
5 2688.3464439218224 2251.6820098858443 72.9867812829454 75.47537463304506
5 3.6170933333333344 4.279541526894022 0.1918155555555556 0.13249354572427313
5 508.30079822051266 2173.690789431698 46.92007368189348 75.47537463304506
5 3.942875308641976 3.464706220689742 0.12787703703703707 0.11924419115184581
5 2733.0942919702948 2759.0442504746475 101.66015964410254 83.86152737005007
5 2.7641113390313397 3.243441999330206 0.07869356125356126 0.07154651469110748
5 4587.414703940127 4409.7186475418 76.2451197330769 125.79229105507511
