0 0.5749063670411985 0.5666666666666667 0.0749063670411985 0.4666666666666667
0 2970.375 357.85714285714283 520.65 265.7142857142857
0 0.15845577643330452 0.6284946236559139 0.0864304235090752 0.632258064516129
0 1816.4899999999998 268.0867346938776 300.81999999999994 283.1122448979592
0 0.35569443521042493 0.6040007208506036 0.17950934113423314 0.7417552712200396
0 707.4840740740739 229.18610301263365 501.36666666666656 347.8236151603499
5 0.43580878930922157 0.6468795969942205 0.02194003058307294 0.023000163448683397
5 14175.003030303027 10260.796647230321 729.2606060606058 347.8236151603499
7 0.4250880925470382 0.5060035958710347 0.04662256498903 0.3392524108680801
7 2809.7982174688045 548.2643425408905 1244.0327985739746 660.2753372535456
7 0.17965764267324494 0.2642836861449999 0.029741981113691553 0.15296648882891112
7 10338.921231391816 1108.0858382621384 1378.5228308522421 921.7705203242567
