0 0.341 0.5285285285285285 0.202 0.9429429429429429
0 460.3960396039604 256.64331210191085 415.8415841584158 193.0127388535032
0 0.8404642857142858 1.2589842589842588 0.1466904761904762 0.9325809325809324
0 1738.354163285181 216.60318471337584 1308.878428826489 280.94076433121023
0 0.18565513392857147 0.8435942023728282 0.05195287698412699 0.6762991495815922
1 6178.676112548574 236.58169627891388 1154.8927313174904 88.7181361045927
1 0.3125831431878307 1.9612675337866174 0.020781150793650796 0.4508660997210615
1 12391.03659642724 350.43663761314116 1876.7006883909219 70.97450888367416
1 0.05514997710622711 2.367047023535573 0.018649750712250713 0.4226869684884952
2 9732.033569798637 222.38679450217901 1876.7006883909219 85.16941066040899
2 0.042095151607651614 3.070351173881708 0.01598550061050061 0.3874630544477873
7 10634.637234215224 523.920920123122 6255.668961303073 665.8699378904703
7 0.0418020840964591 0.3318966474145775 0.022859265873015875 0.3333984421992588
7 4046.499153290449 779.8476750068571 3630.912753763322 431.91563538841314
7 0.09625678822432587 0.6112304773653078 0.01680018335245745 0.3148763065215222
