0 0.95375 0.8439849624060151 0.0925 0.30451127819548873
0 3205.4054054054054 781.5802469135803 183.78378378378378 124.79012345679011
0 1.1888970588235295 1.9192223981005145 0.07073529411764706 0.26444400474871393
0 4658.212058212058 476.47138047138037 296.88149688149684 226.89113355780017
1 1.2799719887955183 0.8352023149980216 0.053893557422969196 0.04848140087059756
1 4007.900207900207 4651.2682379349035 74.22037422037421 103.1323334353637
1 4.3586414565826335 1.052046398891967 0.0943137254901961 0.06787396121883658
6 3472.4532224532218 1716.4166921742674 180.24948024948023 338.8633812876236
6 2.1026412918108424 0.6477536733710709 0.17753171856978087 0.10328646272431655
6 1661.674896049896 2241.3392219452817 67.59355509355508 106.49991983325313
