0 0.688 0.6160130718954249 0.236 0.7679738562091504
0 972.4576271186442 235.03404255319148 605.9322033898305 324.22978723404253
0 0.18648951048951048 0.5412827781715096 0.35647552447552444 0.7988161797516865
0 1185.214610797238 191.53342643555408 199.1721594475832 300.44459048714367
0 2.2242064414458778 0.5608355262006632 0.5723691519747857 0.9019966029696127
1 207.907780475986 89.80078165851896 136.27568804308325 75.38831052813937
1 1.5189796725484697 1.1473927376010513 0.4256078309556099 0.7826146996353992
1 990.3483191406825 68.36058666534672 110.43029893146401 49.83295102707518
1 4.419077053326332 0.732447090684412 0.21733165836031143 0.6622124381530301
2 1141.1130889584615 200.8418935333636 110.43029893146401 51.34304045213806
2 1.6209319519373226 2.47355822486573 0.27166457295038926 0.5843050924879678
2 1231.2978330858239 214.78505255811086 121.47332882461042 49.63160577040012
2 3.317600693909299 2.1659585324985016 0.19757423487301037 0.46341438369735377
2 1806.91576626608 264.34224812495717 111.35055142255955 62.578981188765376
2 0.7588646748531535 2.1333041456412665 0.29636135230951555 0.84692973572275
