0 0.642 0.5422960725075529 0.136 0.7220543806646526
0 625.0 317.1506276150628 1058.8235294117646 282.5271966527197
0 0.3810833333333334 0.8583244476038149 0.04816666666666667 0.5061459629168887
0 4214.532871972318 397.1186470433333 788.9273356401384 158.05717295257045
1 0.11724780701754386 0.9933114522243942 0.11788157894736842 0.3922631212605888
1 3333.8542248018753 451.2277356871769 169.66179261078244 35.69032937638688
1 1.9745164473684211 2.1014095781817255 0.21218684210526317 0.8405638312726903
5 1468.0457888405203 346.1961949509527 61.266758442782546 19.034842334073
7 5.247543825910932 10.113033594999555 1.060934210526316 10.349442172544999
7 380.7964678597561 24.25251485204225 47.12827572521734 11.594827817709442
7 1.591401315789474 23.199999536788372 2.6311168421052633 10.521932875420749
