0 0.808 0.6666666666666666 0.172 0.6666666666666666
0 1845.9302325581398 346.5 412.79069767441865 306.0
0 1.1458591549295774 0.7679738562091504 0.13081690140845068 0.6405228758169934
0 1914.8901808785533 354.3979591836735 527.4547803617572 330.9795918367347
0 0.35642865890998154 0.6979282278949316 0.12892100428658906 0.6163522012578616
0 771.7904506763948 376.40816326530614 597.2649718802252 327.734693877551
0 0.2369132741110695 0.7170434024534529 0.10213222417509003 0.5980447101313905
1 3999.717065788065 210.6865889212828 381.8579328414554 50.16347355268638
1 0.2933027976310278 2.790875313946489 0.06808814945006003 0.39869647342092696
1 2122.248895984242 367.4474437734278 425.918463553931 47.655299875052066
1 0.7407521086722048 2.9902235506569523 0.07747961833972349 0.5246006229222723
1 2413.5379601389423 271.6352092877968 387.19860323084635 43.8428758850479
1 0.6301675624964177 3.0221557624870035 0.09297554200766818 0.5246006229222723
1 5313.225277667725 282.11937526030823 129.0662010769488 41.93666389004582
5 0.5694751947969675 7.749781929533568 0.13171535117752992 0.33383676004144597
