0 0.092 0.6402985074626866 0.124 0.48059701492537316
0 2596.7741935483873 397.4223602484472 467.741935483871 374.53416149068323
0 0.20203448275862068 0.5380016583747927 0.11758620689655172 0.3604477611940298
0 1318.1818181818182 559.0269151138717 340.1759530791789 413.37474120082817
0 1.264051724137931 0.4838224982470199 0.411551724137931 0.6531603726334769
0 558.8604943443653 344.47895100069013 306.158357771261 336.8238632006748
0 0.7904406130268199 0.5729997814466411 0.16984674329501914 0.45721226084343386
0 2882.0099255583127 178.25418734321426 123.64087525377849 185.9092751432296
5 0.5297600802773216 1.519558396332589 0.18602262360883048 0.0484107099716577
5 1394.991614276327 5391.368979153658 80.63535342637728 206.5658612702551
5 1.401370431186523 1.2441552462716028 0.19842413184941918 0.02904642598299462
5 836.5917917986643 9329.891400706521 80.63535342637728 344.2764354504252
5 4.1421037523566255 0.7842535015408547 0.14881809888706438 0.06390213716258816
5 594.6857315195325 4123.492760963047 73.91574064084584 140.84035995699213
5 0.6561525269111476 2.048418507934076 0.28410727969348654 0.07810261208760774
5 1110.4960081993745 3373.766804424312 80.95533498759306 140.84035995699213
5 2.9275402298850572 1.8780128088338408 0.12352490421455938 0.06390213716258816
