0 0.313 0.5521126760563381 0.17 0.6704225352112676
0 1491.1764705882351 307.2689075630252 511.7647058823529 355.0
0 0.741551724137931 0.6084507042253521 0.2989655172413793 0.7436619718309859
0 245.8477508650519 288.4375 277.6239907727797 342.89772727272725
0 1.4137827170751975 0.5905550952775477 0.20531366846697136 0.6911681855840929
0 411.5653898298225 286.4715189873417 316.58876140755575 350.13185654008436
5 0.4185240164903647 0.8753844995104316 0.047380077338531855 0.03712886947352565
5 8431.814012154568 8416.63116682895 316.58876140755575 403.99829600778963
5 0.571719599884951 0.7401021315056113 0.11371218561247645 0.03465361150862394
5 2079.8122798024147 8570.535279593822 237.4415710556668 1500.5650994575042
5 1.1371218561247645 0.19692581155381492 0.09265437346201785 0.03265436469081872
5 3626.380357941093 9233.068928294642 388.5407526365457 1378.0699892977077
5 0.9432729964952651 0.22858055283573106 0.07463824528884772 0.04353915292109163
5 1051.7396235161666 7177.44786092556 763.6835482856243 1263.2308235228986
