0 0.3 0.5435435435435435 0.104 0.4024024024024024
0 3480.769230769231 479.61940298507466 596.1538461538462 422.4626865671642
0 0.4696774193548387 0.4189719130895601 0.06709677419354838 0.3361243596537714
0 4605.288461538462 553.3666176161446 625.9615384615385 434.3630439352533
0 0.3674347158218126 0.40519100889769705 0.06070660522273426 0.3084976999562012
0 5510.1088056680155 557.5406235586834 378.87145748987854 369.5327388702901
0 0.5542776998597475 0.4627465499343018 0.0791825285513925 0.3193221806564188
0 4874.812753036437 566.8256418264618 404.12955465587044 438.42867323593737
0 0.4416900420757363 0.3991527258205235 0.08165698256862353 0.25545774452513503
0 2290.067476383266 645.8993846779434 269.4197031039136 383.6250890814452
5 0.6012923261871369 0.6295208704369399 0.04454017231015829 0.01824698175179536
5 7712.139001349527 14413.34263263144 516.387764282501 438.42867323593737
5 0.2672410338609498 0.5508307616323225 0.019365292308764475 0.025089599908718622
5 12470.7645074224 9505.930778797368 464.7489878542509 358.71436901122144
5 0.7832184889322521 0.7610511972311316 0.03012378803585585 0.027877333231909582
5 13012.971659919025 8806.437759225486 398.35627530364366 322.8429321100993
5 0.468173872390593 0.6984820715328456 0.022592841026891887 0.02168237029148523
5 11862.164642375166 11115.02094836199 708.1889338731443 368.9633509829706
5 0.24216701475699742 0.6057512200183687 0.021180788462711146 0.018972074005049577
5 13738.865317138998 12834.653709193335 377.7007647323436 368.9633509829706
5 0.583795482003476 0.6396299235988143 0.05030437259893897 0.02168237029148523
5 6261.8810995099075 11806.82723145506 357.82177711485184 368.9633509829706
5 0.599460440137356 0.6152372570208934 0.030741561032684925 0.02168237029148523
5 9775.040365728453 11553.164927654267 748.1728066946903 322.8429321100993
5 0.44174286614358116 0.6969333307977396 0.014702485711284094 0.024779851761697405
