0 0.6453125 0.534375 0.146875 0.696875
0 735.3191489361702 634.2600896860986 1266.3829787234042 565.3811659192825
0 0.40864415322580644 0.8312975888324874 0.05132728494623656 0.4917036802030457
0 5065.531914893617 795.1943736490628 974.1407528641571 309.1292705745717
1 0.12215893817204301 0.9882596993554636 0.12318548387096774 0.3849522233168582
1 3519.0834697217674 383.1644320147002 446.48117839607204 153.2657728058801
1 1.1277071114369501 2.2444672003559187 0.06047287390029325 0.18268919072664455
7 6796.435715584652 2041.7190448783313 1422.1252348911923 2090.9830432802214
7 0.36283724340175955 0.2324265620239509 0.045003068949055446 0.10999610959981215
7 2122.077498939201 4741.076769872328 3533.092380432806 2136.439196395009
