0 0.874 0.6826666666666666 0.172 0.6293333333333333
0 1697.6744186046512 413.9300847457627 418.60465116279073 363.8771186440678
0 0.34280555555555553 0.6925414847161572 0.18394444444444444 0.6760524017467249
0 2049.531863485352 383.10639727159986 434.9139232860163 343.16866473749485
0 0.16899895833333334 0.7110206294232796 0.20003958333333333 0.7634729709381117
0 1092.2838188275236 327.451015970892 484.9040294108458 324.8314078431249
1 0.8795554875429553 0.4787098668583724 0.1134245060137457 0.10159116145547453
1 1419.4463406390214 1382.9943273320926 317.3917283416445 246.08439988115524
1 0.24890377708571973 0.5160831001938107 0.14493131323978617 0.11378210083013147
1 1666.3065737936338 1261.1825493909207 241.49370634690345 307.60549985144405
1 1.474158500381825 0.5152703709021669 0.15735399723176782 0.10077843216383074
1 1833.445638975833 1617.4095637350122 222.428413740569 337.37377403061606
