0 0.345 0.45542168674698796 0.238 0.44819277108433736
0 1069.327731092437 474.1263440860215 231.09243697478993 408.30645161290323
0 1.352272727272727 0.6416748963065376 0.31589090909090906 0.46533675686351966
0 1258.3458040750547 596.3423174872665 307.0680326925291 401.8595076400679
0 1.1886616682286786 0.6843187600934113 0.2214492970946579 0.5574087354942696
0 1013.7760785216585 262.8232940592408 248.36384997189853 209.89983211557114
1 0.8475468552440998 0.4668893681917814 0.10065877140666268 0.09528354452893498
1 4008.592538546442 2046.5233631268188 288.10206596740227 230.88981532712828
1 0.5709782033240004 0.46342451202709284 0.09371678717172044 0.08662140411721361
1 3878.707443672249 2153.047527925471 309.44295974276537 196.25634302805904
2 0.39264102211600116 0.901881678161577 0.048474200261234716 0.08152602740443635
5 8045.516953311899 4587.49201828088 330.07249039228304 318.9165574205959
5 1.0270471180349106 1.0943301370826264 0.0605927503265434 0.05016986301811468
5 6032.074761918972 6916.502839059173 511.6123601080387 597.9685451636173
5 0.8854359967072309 0.5644109589537901 0.027364467889406698 0.05184219178538517
5 9172.478741936979 5671.056525100113 584.6998401234728 385.7861581700757
5 0.45407913903984237 0.7193104110222192 0.0461775395633738 0.0751711780888085
7 3713.926762265762 2520.912999076874 2533.6993072017153 2434.4436877628914
7 0.10024867563330722 0.08667277910786116 0.022102070218366947 0.06243726267485732
7 18550.298499155415 4540.557799215656 2624.188568173205 2354.363303297007
7 0.13813793886479342 0.11340645669514901 0.02248314039454569 0.06201251939135489
