0 0.7288888888888889 0.4096989966555184 0.12 0.2709030100334448
0 525.0 481.72222222222223 800.0 956.0617283950618
0 0.33625 0.12499192933975542 0.0575 0.07635490244185895
0 4069.565217391304 2252.638592930831 2365.2173913043475 3300.377473363775
0 0.049678308823529416 0.023785158101928286 0.025790441176470592 0.037874455576318924
0 4536.564504632929 1689.793266362253 2326.4433357091943 2534.6898995433794
1 0.022566636029411766 0.003945255789199888 0.019342830882352943 0.007890511578399775
1 16104.157757186978 11786.308032876716 982.2760750772154 2788.1588894977176
5 0.09875024187306503 0.08840959563979749 0.030541311919504648 0.0075318519611997856
5 1440.671576779916 33258.752467579914 785.8208600617724 2522.619947640792
5 0.4288509215363777 0.06243508862573507 0.022905983939628484 0.00436054587227356
