0 0.174 0.5135135135135135 0.188 0.5405405405405406
0 1172.872340425532 357.04999999999995 601.063829787234 321.9
1 0.418424778761062 0.3634669151910532 0.051575221238938054 0.06213109661385524
1 1929.2210020590253 1424.4074999999998 523.5072065888812 209.23499999999999
2 0.159501147164864 0.6499868568834086 0.021012127171419207 0.057351781489712525
2 10636.71460660136 2859.545 428.3240781181756 174.3625
5 0.11673403984121782 1.448132482615241 0.042024254342838414 0.07455731593662628
5 5187.48050165346 3628.08125 380.73251388282273 228.01250000000002
5 0.23769968862667978 1.0920453922482318 0.06040986561783022 0.06140014253604517
5 2938.261791921784 3998.3620535714285 446.9468641233137 472.31160714285716
