0 0.693 0.6106666666666667 0.138 0.6026666666666667
0 865.9420289855071 432.24557522123894 601.4492753623188 376.6592920353982
0 0.48632530120481937 0.5920469897209986 0.0814698795180723 0.45664610866372984
0 3044.0698018337766 478.4886936612471 490.9790002957704 335.05157954311585
0 0.41345963855421697 0.6924307007188583 0.10591084337349399 0.5014153350033111
0 1614.5655586649373 477.6479363129539 415.4437694810365 388.8991548268309
5 0.7847030668127055 0.833120864313194 0.06258368017524644 0.030856328307896072
5 3818.886957921836 9317.375584392825 255.65770429602247 421.3074177290668
5 1.1930014033406353 0.7120691147976017 0.04693776013143484 0.028482764591904068
5 5560.555068438489 10146.486976975026 213.04808691335205 421.3074177290668
5 0.9927336267798468 0.7180030240875818 0.07040664019715226 0.02610920087591206
5 3991.100828176795 11585.953987549337 340.87693906136326 497.908766407079
5 0.5471182665320373 0.619591420786067 0.032269710090361454 0.02610920087591206
5 5686.447119796378 12332.817137159956 588.7874401969001 536.2094407460851
5 0.6199181148937859 0.6322156497810134 0.027174492707672807 0.02237931503649605
