0 0.518 0.4462686567164179 0.072 0.2656716417910448
0 4222.222222222223 1074.6348314606741 472.2222222222223 357.5842696629213
0 0.34517647058823525 0.1915632364493323 0.07623529411764705 0.3048232521602514
0 2977.623456790124 667.5999896917842 445.9876543209877 114.82063704772702
1 0.568401384083045 0.9623705532487938 0.029148788927335637 0.09580159353607902
1 7650.403608736943 1998.9229086036114 480.2943969610637 114.82063704772702
1 0.6110835392980721 2.1294081472337565 0.02706673257538309 0.09580159353607902
1 5652.695595003288 187.88831516900785 443.3486741179049 104.38239731611547
2 0.36427310924369743 0.21076350577937383 0.02030004943153732 0.07664127482886321
5 8128.059025494923 1546.1642602449606 591.1315654905399 117.43019698062992
