0 0.118 0.6392215568862275 0.156 0.218562874251497
0 733.974358974359 944.8082191780821 339.7435897435897 260.7945205479452
0 0.760867924528302 1.0257117344258853 0.35615094339622644 0.5099800399201597
0 599.4649290103836 381.38747553816046 126.35092180546725 96.08219178082192
0 1.3177584905660378 2.0763473053892216 0.32449308176100633 0.6140575990875392
0 859.8026142372039 308.60297190619923 98.61535360426711 63.511957278848385
0 3.214509591194969 3.920521594174289 0.6692669811320756 2.0783487969116714
0 565.5441112002288 108.0184424931929 103.09786967718834 35.124036979969176
0 3.5500248564397054 6.10692899914457 0.48497607328411274 1.850584545195324
0 780.4508734563158 126.71671802773496 142.2750601545199 50.25439137134052
