0 0.307 0.6069277108433735 0.174 0.786144578313253
0 310.3448275862069 252.49808429118775 528.7356321839081 339.632183908046
0 0.4520217391304347 0.5977054284553945 0.14752173913043476 0.7596453228644916
0 2772.47273798998 268.5463779738038 664.3088712054231 336.99937628085183
0 0.48396162377994667 0.6261139184547178 0.12494188110026616 0.7181022192703398
1 500.2325837390234 108.61963367729935 312.1451322531506 36.20654455909978
1 0.7912985803016857 2.320022554565713 0.10251641526175685 0.552386322515646
1 4116.413931588424 157.49846883208406 370.67234455061634 43.44785347091974
1 0.8363181245038059 2.3591499190772383 0.08093401204875542 0.5293702257441607
1 1822.472360707197 156.79007991679734 407.73957900567797 45.33689057835104
5 0.7995299372089171 6.914898573783098 0.06867128295045914 0.5073131330048206
5 4383.200474311038 628.8029606301732 232.99404514610168 47.30805973393152
5 0.7468002020862432 6.943848508003482 0.08583910368807393 0.14796633045973934
5 2679.4315191801693 2122.104393779214 186.39523611688134 243.29859291736213
5 1.3814730749799398 1.2823748639844075 0.14485348747362475 0.14796633045973934
7 376.2422358655568 1503.720470114252 642.0280355137024 1466.5498517518772
6 0.23129831064336856 0.11284989719394867 0.12304758613350919 0.07023286653158134
6 2527.477456262803 2448.9958689448827 487.6162295040778 1281.451326773485
6 0.4829617755740236 0.128370072716057 0.14560631025798587 0.07413469245000252
