0 0.753 0.5746666666666667 0.202 0.6586666666666666
0 1195.5445544554455 331.7307692307692 658.4158415841583 356.7813765182186
0 0.13745112781954888 0.6516595744680851 0.27186466165413536 0.7988085106382978
1 283.2291609049173 132.69763477519712 205.9848442944853 42.56339228638398
1 1.2937845059076263 2.7018523153942424 0.20875322234156823 0.6108535669586983
2 1420.3373565887184 406.8078070448623 91.01655910686559 37.65223163795506
2 0.23622075159703776 7.7153461391957325 0.3405973627678219 0.7702066713827065
2 502.0590841056134 272.0049147638478 52.84832464269615 19.47529222652848
2 6.509194044007263 9.524889169432804 0.302753211349175 0.7702066713827065
2 617.6647942615112 275.8999732091535 79.27248696404422 29.86211474734367
5 3.544735516213257 10.983816878849032 0.35321207990737086 0.5357959453097089
5 1125.3861988645563 557.1150782551304 42.46740373073797 39.19402560588857
