0 0.342 0.6746666666666666 0.216 0.5013333333333333
0 1622.6851851851852 459.7739361702128 384.25925925925924 456.78191489361706
1 0.47233734939759037 0.37654730713245993 0.0910843373493976 0.056919941775836966
1 3815.1455026455023 2239.988236497545 450.1322751322751 368.93923895253687
2 0.7853247134880988 0.46213571775143825 0.04220981486923303 0.046078048104248974
2 4915.918267891952 5143.447037161837 734.4263436368699 390.64154712621547
5 0.5140066165527571 0.858843618831974 0.03948660100670187 0.03839837342020748
5 8673.828368814757 8815.477580148263 734.4263436368699 286.470467892558
5 0.2553012996122966 1.1449696801661866 0.053102670319357684 0.04188913464022634
5 3662.715995830031 8116.663256955811 357.79744946411614 334.21554587465107
