0 0.613 0.5165165165165165 0.166 0.33633633633633636
0 1325.301204819277 526.2589285714286 337.34939759036143 166.5
0 0.7692321428571429 1.039039039039039 0.16896428571428573 0.46846846846846846
1 1260.621433100824 339.4038461538462 106.53138871274571 42.69230769230769
1 2.276324404761905 3.408108108108108 0.21589880952380955 0.5387387387387387
1 1310.7992611176971 235.7357859531773 120.42678724049514 44.5484949832776
5 1.8600512820512822 4.467042042042041 0.09964560439560441 0.22447447447447444
5 3040.7763778225026 966.7023411371239 160.56904965399352 53.45819397993312
5 2.0333931146978026 4.115365365365364 0.08096205357142859 0.2992992992992992
5 3192.853795042871 691.6153846153848 234.67784180199052 33.411371237458205
6 1.3358738839285718 5.0581581581581565 0.2940200892857143 2.0950950950950946
6 760.1521397499258 84.00573339703776 159.85302267671818 24.81987577639752
6 1.651517097264438 6.929929929929929 0.30027583586626144 2.256256256256256
