0 0.174 0.6540785498489426 0.236 0.6918429003021148
0 697.0338983050848 367.8580786026201 436.4406779661017 218.25764192139738
0 0.7137281553398058 1.1064904663772233 0.2818252427184466 0.8109681679038034
0 778.851453768775 214.55835985493303 436.4406779661017 288.5440011842203
0 1.1020970873786406 0.8040368160413777 0.08706796116504854 0.38122435243341185
0 4519.458073148974 638.731493530524 792.4843889384479 459.0472746112595
0 0.5653108203179963 0.5053945700831517 0.05804530744336569 0.3703322280781715
0 7735.3367528991985 581.9099275219202 723.5727029438003 364.537541603059
1 0.22734412081984892 0.5376675311357157 0.059427338572969626 0.087782454062974
1 6899.181586208329 1891.0384970658686 504.8181648445119 227.8359635019119
1 0.46947597472646 0.32040595732985505 0.07131280628756355 0.14045192650075838
1 1668.7044893471366 857.944800061887 701.1363400618221 277.6750805179551
1 0.23604538881183534 0.28090385300151677 0.05847650115580211 0.10083728056464705
1 6062.264208583316 1522.2544592680754 461.72393126022433 168.58844174304417
1 0.7212101809215593 1.005407003276922 0.07363707552952857 0.17201653743380968
1 5995.621048570267 912.702943229584 258.02219688071364 116.26789085727184
2 1.01735433297375 1.5395480100325967 0.10464215996301428 0.29242811363747645
2 3516.7469797075046 583.0492762107309 172.01479792047576 58.13394542863592
2 1.6364871127549176 2.391029870329955 0.12208251995684999 0.3784363823543813
7 679.8680108285471 615.6913311305532 884.6475321624467 502.06589233821927
7 0.2334262997323104 0.3156956137008918 0.07573637812137916 0.2967737945831727
