0 0.33125 0.3627450980392157 0.125 0.4789915966386555
0 2412.0 359.0877192982456 424.0 438.4210526315789
0 0.5990566037735849 0.2930972388955583 0.11320754716981132 0.3398559423769508
0 2937.0833333333335 367.80289650300244 503.5 488.4422465559872
0 0.6355511420059583 0.25591561925975215 0.1628599801390268 0.3398559423769508
5 1071.47256097561 603.1967502649239 153.5060975609756 23.539385376192154
5 1.8956901688182721 11.406415066026412 0.1954319761668322 0.7221938775510205
5 775.2057926829267 288.0113034263511 66.51930894308943 19.385376192158247
5 4.750500343747613 13.412172011661808 0.36079749446184406 0.7221938775510204
5 744.1847688008129 276.241610738255 30.488016598915987 12.46202755210173
5 7.921144992048667 15.527168367346938 0.557596127804668 1.2036564625850341
5 603.4833873844253 164.49876368774284 34.0748420811414 8.30801836806782
5 10.418243440560904 24.554591836734694 0.3521659754555798 1.4443877551020408
