0 0.567 0.6489675516224189 0.194 0.7020648967551623
0 1139.1752577319587 320.48319327731093 360.82474226804123 279.1764705882353
0 0.32425714285714285 0.7468394437420985 0.12748571428571429 0.49789296249473236
0 1364.8588077095474 427.80279305966997 392.2008068130883 337.42192128650026
5 0.5647617142857143 0.9305856560913449 0.053543999999999994 0.04149108020789436
5 2082.3995218885407 6591.778247989844 354.84834902136566 216.9140922556073
5 0.9201113684210525 1.295443726490924 0.053543999999999994 0.03688096018479499
5 2511.9527864933516 7009.036606009311 168.08606006275215 406.7139229792637
5 1.478409333333333 0.7745001638806948 0.06544266666666666 0.03442222950580866
5 2758.139440120615 8424.788404570461 168.08606006275213 290.5099449851883
