0 0.5577777777777778 0.575 0.4 0.8433333333333334
0 928.75 215.2173913043478 292.5 278.65612648221344
0 0.39829059829059826 0.5382978723404256 0.49572649572649574 0.8971631205673759
1 518.4310344827586 76.35177865612648 129.10344827586206 50.158102766798415
1 2.637419871794872 1.6647360126083532 0.4260149572649573 0.7775413711583925
1 335.66896551724136 67.52052295530555 150.22946708463948 70.73578595317726
2 2.506166115785257 3.6897872340425533 0.2729158319978633 0.7634042553191489
6 936.1860692713509 263.9492753623189 619.2385350561968 244.95540691192866
6 0.6168866735099632 0.8246398907725566 0.1517993385076873 0.7838161338036181
6 619.2385350561968 214.9738857534374 658.764398995954 246.23121632292828
