0 0.852 0.5501319261213721 0.296 0.8944591029023746
0 317.5675675675676 237.0147492625369 628.3783783783784 368.9380530973452
0 0.34294623655913975 0.5597145598464859 0.2434838709677419 0.9296953705924681
0 1480.5908850026499 240.4013261436054 513.3810280869105 332.36693413142757
0 0.6233187096774192 0.696519347223807 0.15193393548387094 0.8755383587132952
1 661.471709265827 89.08804420017647 651.5989971872326 68.5292647693665
1 0.6729599061583577 1.0871267954023416 0.1734195425219941 1.0068691125202895
1 1228.2352778838986 62.570198267682464 415.17812210159957 57.604309516279095
1 0.8863665506679698 1.588422824062181 0.15896791397849458 0.8159111773871311
1 2041.292433666198 137.26984395368635 283.0759923419997 61.28118033646712
