0 0.551 0.5601719197707736 0.146 0.2492836676217765
0 3000.0 565.6206896551724 410.95890410958907 256.735632183908
0 0.4769333333333333 0.5530981375358167 0.12166666666666666 0.3427650429799427
0 2531.506849315069 401.14942528735634 328.76712328767127 142.95506792058515
1 0.647875 0.7659749429857904 0.048666666666666664 0.13290889421671248
1 8989.72602739726 869.016333938294 267.1232876712329 82.76346037507561
1 1.0613076923076923 2.0480052336120695 0.12353846153846153 0.39872668265013744
1 2383.87297633873 304.72001319914204 105.23038605230387 32.60378742048433
2 2.760609467455621 6.993052588017796 0.14254437869822484 0.5520830990540365
2 1750.3320880033211 333.28316029828426 91.19966791199668 21.735858280322887
7 3.020844333181611 8.994353822088678 0.8004415111515703 4.002602468141765
7 545.9486969526378 35.85167428995786 72.46001012186038 12.242035123400246
6 3.8158978936794687 15.887881225583127 0.9798508153751981 4.819460114701308
6 312.80271975141136 27.803944178570053 31.63746920813622 5.809779380596727
5 13.717911415252773 24.183362361269065 1.3275398143793007 7.401313747577009
