0 0.45916666666666667 0.61 0.215 0.7733333333333333
0 493.0232558139535 225.0 632.5581395348837 323.2758620689655
0 0.7153492647058823 0.5150399999999999 0.18812500000000001 0.82592
1 2413.28903654485 58.722394420767145 212.62458471760795 35.1123595505618
1 0.5549687500000001 1.96512 0.20693750000000002 1.02528
1 1425.5511929930533 80.95349563046193 193.2950770160072 27.30961298377029
2 0.26901875000000003 8.019154285714285 0.13450937500000001 1.244982857142857
2 1204.3770183305066 189.15923110817363 133.81966870338962 29.719284717632377
2 3.7176896701388893 7.301656216216215 0.1868185763888889 1.4132237837837835
2 2245.494040842878 96.94147634084847 165.93638919220314 28.304080683459407
6 0.6297593946012545 6.0062010810810795 0.5242972950268817 4.169010162162161
6 539.7700935792355 43.77537902314697 179.28759292031145 30.942596679375114
6 2.523877936166638 5.041593684475171 0.5187196642287234 4.201328070395976
