0 0.645 0.4954954954954955 0.458 0.8768768768768769
0 938.8646288209607 130.0068493150685 209.6069868995633 237.2054794520548
0 0.7776458333333334 0.6407946407946408 0.51525 0.6239316239316239
0 157.2052401746725 333.36986301369865 291.1208151382824 400.6849315068493
1 1.2005325 0.10232478632478632 0.243885 0.10482051282051283
1 1670.8694671669025 333.90410958904107 209.11495171904792 477.00587084148725
1 0.8703347058823528 0.22117128205128206 0.2008464705882353 0.1111097435897436
1 614.8975366024385 972.0119632241627 224.05173398469418 450.00553852970495
2 0.5155059411764706 0.6722139487179488 0.12943439215686275 0.09110998974358975
2 1514.280684862071 2074.415775173518 309.03687446164713 570.7387317937721
2 0.7248325960784314 0.3223891944773176 0.1035475137254902 0.06658037712031559
2 1839.735143279493 2718.518696175599 299.3794721347207 570.7387317937721
5 0.8818239878557875 0.5151218650887575 0.22045599696394688 0.06307614674556214
5 1065.9723629039297 3828.705659116554 244.94684083749874 459.7617561672053
5 1.2778282786984327 0.5818230777392369 0.18779584926558437 0.07177630491736381
