0 0.275 0.7563218390804598 0.134 0.48735632183908045
0 2559.7014925373132 638.1367924528302 462.68656716417905 352.9245283018868
0 0.910983870967742 0.7140336808340015 0.05835483870967743 0.14734028334669874
0 4318.407960199004 2270.2548984034834 1028.1923714759535 1364.1890420899856
0 0.3681217741935484 0.21514613513560238 0.03404032258064516 0.08869738450224153
0 13909.973939824686 3478.1183428492604 1556.9770196635868 1927.9035222924588
0 0.048491402921485086 0.16053707896750735 0.028902160681679855 0.08662259188230606
0 1072.5841691015821 3740.3637198967463 2075.969359551449 2516.6644782021317
0 0.1384895199330493 0.12178818537581104 0.02167662051125989 0.06238416020881675
0 9180.397834460853 4608.541640019827 1845.306097379066 1971.654336425874
0 0.1170537507608034 0.1564675888164225 0.02709577563907486 0.07861418562899672
0 1697.6816095887407 3981.4697245245065 1771.4938534839034 2213.340997020013
0 0.2574098685712112 0.13734892201847704 0.02822476629070298 0.059638347718549235
0 4145.295617152334 5315.371939813213 1346.3353286477666 2816.979450752744
5 0.19868749954639597 0.15051582995633855 0.020054439206552116 0.005679842639861832
5 847.692614333779 74826.01666061977 1097.0139714907727 2816.979450752744
5 0.29580297829664376 0.13880115451162353 0.011850350440235342 0.0035499016499136453
5 29577.184385193526 109439.65166174411 1940.870872637521 3098.6773958280182
5 0.07702727786152973 0.13909160101025284 0.011850350440235342 0.0019363099908619884
5 24725.007203599725 194700.22970452716 1687.7138022934967 5164.46232638003
5 0.12679874971051816 0.07387022615138486 0.008295245308164738 0.002129940989948187
5 10066.007320821927 181929.92286111473 2531.5707034402453 5164.46232638003
5 0.14496928705221232 0.06748040318154029 0.00395011681341178 0.001355416993603392
5 59745.06860118979 317983.32323854184 4050.5131255043925 5902.242658720034
5 0.11381274068642691 0.0642975936340609 0.0064189398217941425 0.002202552614605512
5 42374.598851430565 172754.10243407486 1557.8896636555355 3178.130662387711
5 0.029527123180253058 0.1304225798219978 0.01925681946538243 0.0053490563497562435
5 3011.920016400702 73283.95409741074 1038.5931091036903 2243.386349920737
5 0.1814955234612294 0.15289386066386595 0.018293978492113307 0.004457546958130203
5 20744.530784465813 77508.99838976146 819.9419282397555 1570.3704449445156
5 0.08354250178065077 0.2384787622599659 0.023172372756676857 0.008278301493670379
5 8738.854761502656 41554.417927762566 474.70322161249004 1207.977265341935
5 1.032223877342878 0.3207841828797272 0.021065793415160777 0.010761791941771492
5 1186.7580540312251 37122.070577238694 379.76257728999207 1022.1346091354835
5 0.3502188155270479 0.3884028546257529 0.021065793415160777 0.007826757775833812
5 12722.046339214734 51298.38069598708 284.82193296749404 894.3677829935481
7 0.4774913174103109 0.38462923926954734 0.23874565870515546 0.20349570217167912
7 1417.8268280808343 1574.9718376342425 221.99356540113507 702.717543780645
7 1.1329157200820112 0.49095116957503 0.2747827392644242 0.24761015509001513
7 1042.6419096299212 1270.1417673506485 163.76574496805046 529.0574611222097
7 0.18624163439033198 0.6322564647145806 0.360270702591134 0.3496784632950595
