0 0.762 0.5495495495495496 0.372 0.8708708708708709
0 461.02150537634407 207.83793103448275 739.247311827957 319.2206896551724
1 0.35644363636363635 0.21771771771771772 0.06087272727272727 0.1660293386912092
1 5700.41816009558 379.4510084580351 1117.0848267622462 301.1515940143136
2 0.2667657754010695 0.6773997018601334 0.019694117647058824 0.08633525611942877
5 3046.594982078853 3515.365722436315 2437.2759856630823 359.06536209398934
5 0.14955220588235293 0.853605032277578 0.03159264705882353 0.10861532221476523
5 7818.274915049108 2310.90784322029 1645.9526136945492 202.549691437635
5 0.2758281108597285 1.3799082981375856 0.02430203619909502 0.2912865459395977
6 16027.463575850674 566.4525269018606 6131.173486012196 521.8229338732291
6 0.030092118649214974 0.23762849800335603 0.0210400179173373 0.19163588548657742
