0 0.2511111111111111 0.5275862068965518 0.5022222222222222 0.9379310344827586
0 626.216814159292 165.25735294117646 503.76106194690266 287.86764705882354
0 0.364259991216513 0.6322349936143039 0.17667105841018885 0.7364495530012771
1 427.34786715720395 63.81971420643729 401.8768022273044 78.75624306326304
1 0.42301521027791694 1.2252996873210904 0.1244162383170344 0.49519883736292775
1 2455.4672616088296 100.96954238879877 683.1905637864174 125.20223256211047
2 0.2649334015927438 1.9648211934077457 0.11124275425993664 0.38337974505516986
2 3182.229731320944 511.24244962861775 970.8497485385932 245.18770543413302
2 0.21785039375904258 0.8993109977092016 0.050471249617934213 0.20800390423206022
2 2991.8022863128076 1040.8458475782313 594.3978052277101 158.65086822208607
