0 0.648 0.6666666666666666 0.312 0.6606606606606606
0 1455.128205128205 252.77727272727273 294.87179487179486 502.52727272727276
0 0.9461739130434783 0.43380730127718076 0.3933913043478261 0.4576866022649155
0 1015.5282935455349 362.6935968379447 388.9257294429708 725.3871936758894
1 1.0053333333333334 0.03997864899301972 0.18512531969309465 0.07995729798603944
1 1490.8819628647213 1825.9746599427563 313.30128205128204 850.4539512062153
1 1.393227621483376 0.020577245805230737 0.16916624040920716 0.03880280637557797
1 1525.1269956458636 3182.7594840596234 236.4537977745525 1005.0819423346179
1 1.9242659846547314 0.016914043804739116 0.3806240409207161 0.03382808760947823
2 610.8389775842606 6651.277559567324 70.93613933236574 709.4696063538479
6 4.849432225063939 0.28471973737977513 1.5788849104859337 0.23397760596555778
6 168.47333091436863 882.5630946510216 30.401202571013886 346.18697659434747
6 14.012603580562661 0.5286160727370008 2.8288354646206315 0.6008313832201977
6 169.3276282734378 262.9689533745524 14.847098930030036 249.65406965938521
