0 0.395 0.5826666666666667 0.15 0.616
0 1670.0 338.474025974026 326.6666666666667 287.3376623376623
0 0.17448979591836733 0.7708700564971752 0.18979591836734694 0.8456949152542373
0 1875.6989247311828 240.63051146384478 263.44086021505376 256.59371492704827
0 1.6208571428571428 0.7053952979770366 0.25812244897959186 0.631348277747403
1 1352.0714737507906 165.51878524615148 139.4686907020873 33.26214823128403
1 0.4230340136054422 3.367190814652816 0.25812244897959186 0.7215408888541749
1 937.539531941809 178.09108532166658 116.22390891840607 26.33253401643319
1 3.7470775510204084 4.139366151847635 0.21510204081632653 0.6076133800877263
1 857.7324478178368 189.26508824311355 162.7134724857685 42.79036777670393
5 0.4117667638483965 7.817179832282478 0.24583090379008746 0.35054618081984207
5 1751.2037476280836 734.5679801667509 61.017552182163186 31.37960303624955
5 4.220097181729835 9.305407709035808 0.34416326530612246 0.31867834619985647
5 1056.1847722960151 953.9399323019862 90.07352941176471 37.65552364349946
5 2.3092244897959184 8.630871876246113 0.377469387755102 0.4249044615998086
5 921.9290657439446 690.7435118354432 74.17820069204153 30.595112960343307
5 5.439603498542273 8.220267084027066 0.2831020408163265 0.3595345444306073
5 863.6461937716264 799.6449978271546 60.04901960784314 19.469617338400287
5 1.2822857142857143 16.153373460489426 0.23314285714285712 0.5649828555338114
7 244.48529411764707 418.59677277560615 274.5098039215687 359.3029381541144
