0 0.561 0.8026666666666666 0.082 0.272
0 4542.682926829268 1023.8970588235294 231.7073170731707 253.67647058823528
0 0.5977368421052632 0.9914202898550726 0.09063157894736842 0.19315942028985508
0 4788.617886178861 1472.876650660264 331.01045296167246 398.6344537815126
0 1.1706578947368422 0.6321581027667984 0.021147368421052633 0.04515415019762846
0 16952.463912394225 5536.589635854341 331.01045296167246 354.3417366946779
1 0.8262578947368422 0.7224664031620553 0.04531578947368421 0.03386561264822134
1 8153.890824622532 7293.534080298787 198.60627177700349 236.2278244631186
1 0.7074298245614035 0.9757529644268774 0.04531578947368421 0.029632411067193675
1 9555.168408826945 8487.328264639189 264.80836236933794 371.21515272775775
