0 0.222 0.4924924924924925 0.1 0.45645645645645644
0 3885.0 405.29605263157896 630.0 429.39473684210526
0 0.25873015873015875 0.38891953177667465 0.06666666666666667 0.33069804498375927
0 3120.0 511.04021497405483 630.0 447.53817642698294
0 0.423015873015873 0.3820903087312354 0.08412698412698413 0.3485736149828814
0 4320.8490566037735 461.8823487483606 344.71698113207543 367.210811427268
0 0.9210454296661195 0.49835134017083826 0.15955117679255612 0.4575028696650319
0 1510.4871355060034 343.1672463933397 200.5626072041166 271.03655129155493
0 1.4733553981937606 0.6050844405247197 0.14459325396825398 0.553430890723829
1 791.8765008576329 169.84957214270776 131.40308747855917 25.296744787211793
1 1.2556782581453634 4.032139346702182 0.13698308270676693 0.553430890723829
1 2817.8662092624354 174.366847997567 189.80445969125213 30.71747581304289
1 1.1222075621746674 3.3368627234819104 0.10537160208212841 0.4883213741680844
1 3463.931389365351 212.97449897043072 170.82401372212692 28.669644092173364
1 1.5659390864982972 3.4705697664088855 0.11122557997557998 0.45344127601322126
1 2692.7259005145797 212.81697345344074 152.84253859348198 28.669644092173364
1 1.838493410184587 3.749610551647791 0.06542681175034117 0.31392088339376856
1 4952.098250428816 329.70090705999365 213.97955403087477 35.040676112656335
1 1.1613259085685557 2.853826212670623 0.0794468428397 0.2853826212670623
1 3883.099554030874 367.9270991828915 264.3276843910806 49.05694655771887
5 1.505706830961933 5.615922297076834 0.052964561893133325 0.26499814831941504
5 4682.3761234991425 915.1007338651403 302.088782161235 33.96250146303613
5 0.5031633379847665 6.860507617602634 0.033102851183208326 0.35333086442588674
5 3020.88782161235 667.9291954397106 302.088782161235 28.30208455253011
5 0.6537813108683644 8.444607659778693 0.043033706538170825 0.35333086442588674
5 3985.248164665523 648.1177362529395 255.61358490566036 28.30208455253011
5 1.451409556878307 9.32793482084341 0.10954034391534392 0.4239970373110641
5 2136.1992452830186 507.07901489949785 146.06490566037735 23.58507046044176
5 1.4959103215939153 9.985130228675558 0.11638661541005292 0.29679792611774486
5 2637.7603551609322 847.3778886858718 223.39338512763595 30.323662020567976
5 1.4503562843406594 8.607139857414602 0.06266971599002849 0.39573056815699315
5 5712.487991120976 557.1972896279366 287.2200665926748 22.74274651542598
5 0.4056123284910177 10.113114519567603 0.059188065101693575 0.35176050502843836
5 4688.445204674545 695.0751903777066 152.05768231376902 25.58558982985423
5 1.9170356641270752 9.184857631298113 0.1249525818813531 0.312676004469723
5 2212.839429460902 780.360489810554 88.03339502376102 38.37838474478134
