0 0.428 0.4624624624624625 0.22 0.5405405405405406
0 372.72727272727275 277.5 518.1818181818181 410.7
0 0.26824561403508773 0.3238373508643779 0.1736842105263158 0.4967129291453616
0 2317.424242424242 275.81323529411765 351.2121212121212 382.5147058823529
0 0.9851596203623815 0.37122755757179654 0.17083692838654013 0.365999000422898
1 2271.171717171717 143.44301470588235 187.3131313131313 51.91271008403361
1 0.44844693701466787 1.040207685412447 0.19219154443485767 0.5778931585624706
1 1173.3086419753085 141.02952906162463 161.29741863075193 57.10398109243697
1 2.145105624982605 1.1908101449166062 0.11159509031701413 0.2451667945416542
1 2934.7169223095143 348.74217024309723 188.18032173587727 110.12910639255702
1 0.63237217846308 0.4086113242360903 0.14879345375601882 0.2542470461913451
2 2745.416479610924 615.5430410869704 100.81088664421998 66.86410030976676
2 3.3627320548860253 2.086321349628979 0.11903476300481505 0.19442421179338154
2 3288.9551767676767 732.9334072416741 92.40997942386831 87.43766963584883
2 1.7584680898438587 1.5553936943470523 0.14067744718750871 0.2058609301341687
2 888.5574944602721 672.7842913647257 113.73535929091483 53.43413144412984
5 2.2508391550001394 3.9768588775918956 0.22860085167970168 0.9544461306220549
5 1738.8386660822555 226.30926258690286 118.10979618671924 10.477280675319577
5 3.5009797099835795 21.522760245527337 0.29633443736257625 1.0498907436842604
5 393.13689302150834 216.21297393614034 145.10632102939792 47.62400306963444
5 2.4361447350621095 4.336048771415995 0.18607046066952462 0.23097596361053727
7 2198.092048186065 619.1120399052478 257.9667929411519 684.053862272931
7 1.3664549455418213 0.21197161217422725 0.18219399273890952 0.1900435143631003
5 403.41615491860983 1223.4040229112036 181.12562057570238 257.83568654902786
5 0.9054489336115503 0.8299859606878258 0.1987570829879013 0.15513756274538798
5 691.7992452544188 1356.8603004642591 125.78168095534888 238.4980100578508
5 1.693410347056919 0.9266324693711011 0.20670736630741735 0.1844879124539749
