0 0.822 0.5207006369426752 0.16 0.23885350318471338
0 1937.5 732.6666666666666 1800.0 1163.8933333333334
0 0.24138888888888888 0.1284481968565275 0.02277777777777778 0.07818585895614717
0 5070.7317073170725 2059.1958974358977 1800.0 588.341684981685
1 0.14694444444444443 0.11387940326221437 0.041666666666666664 0.09858216998818557
1 10512.0 1131.0361702665152 480.0 152.15733232284958
1 0.8364583333333333 0.9003838192254282 0.06041666666666667 0.13144289331758074
1 2085.5172413793102 1129.7681924971582 297.9310344827586 159.76519893899209
2 1.4030092592592593 1.6023514613952698 0.23495370370370372 0.40058786534881746
6 1193.8522167487683 429.3689721485413 991.6847290640393 374.44968501326275
2 0.32873350818629793 0.5634935972573365 0.07865402956604674 0.1495528030635585
6 5212.701780977643 1140.0655588350232 966.2569154982948 341.0166774227929
