0 0.5288888888888889 0.6383333333333333 0.10222222222222223 0.43
0 3017.9347826086955 430.2325581395349 557.6086956521739 330.2325581395349
0 0.7236257309941521 0.5844366197183098 0.10222222222222223 0.38154929577464786
1 2362.5 351.1997046880768 146.7391304347826 31.45071982281285
1 2.0785185185185187 3.8154929577464785 0.12266666666666667 0.38154929577464786
1 3252.7173913043475 357.7519379844962 130.43478260869566 28.829826504245112
2 2.5453333333333332 6.538367477592829 0.06133333333333333 0.5202944942381561
2 3586.9565217391305 378.63172142241916 130.43478260869566 19.21988433616341
2 2.9018333333333333 10.249801536491676 0.06899999999999999 0.6243533930857873
2 4152.173913043479 302.7131782945737 130.43478260869566 25.62651244821788
2 1.9626666666666666 8.01903889244558 0.030666666666666665 0.35119878361075535
2 13826.08695652174 568.0543592688297 260.8695652173913 19.931731904169464
2 1.6310833333333332 9.933908450704223 0.034499999999999996 0.6020550576184377
5 8724.637681159422 403.61757105943167 289.8550724637681 33.21955317361577
5 1.3661999999999999 7.555790973111394 0.0552 0.18061651728553133
5 7590.579710144928 1397.9895293896636 181.15942028985506 38.7561453692184
5 1.26408 6.269973385769158 0.09936 0.6192566306932502
6 2365.136876006441 264.83366002299243 362.3188405797101 74.2826119576686
