0 0.601 0.5544692737430168 0.114 0.41620111731843573
0 2092.1052631578946 485.3422818791947 394.7368421052631 355.5973154362416
0 0.8765333333333334 0.537124414917711 0.09626666666666668 0.2868413105843273
0 2046.3988919667588 831.4701934465062 893.3518005540164 798.350835636268
1 0.2630542635658915 0.16972488028024607 0.024626356589147292 0.018788732134344583
1 12222.676907579953 6998.87565907795 893.3518005540164 904.7976137211037
1 0.20876434108527137 0.15307290591804265 0.0414170542635659 0.029840927507488457
1 8245.39567268099 4859.098295909631 362.1696488732499 402.132272764935
2 0.8628552971576229 0.5159993714836546 0.030372506459948326 0.03232767146644583
2 9416.410870704498 6356.783234861088 197.54708120359086 340.2657692626373
2 1.8147572609819125 0.5701425694991354 0.03543459086993971 0.029388792242223478
2 5503.097262100031 8931.97644314423 451.5361856082077 578.4518077464835
2 0.562524130060293 0.36908865551263015 0.017717295434969856 0.019016277333203425
2 9115.386746965693 12410.42060256092 507.97820880923365 736.2113916773427
2 0.42816797301177156 0.27845263237905016 0.009842941908316588 0.013583055238002446
2 33628.157423171266 13619.91074603084 609.5738505710804 588.9691133418742
2 0.268220167001627 0.4015490704734473 0.021326374134685938 0.025468228571254584
5 10808.213273587233 11936.440697061984 890.9156277577329 1020.8797964592486
5 0.19249858758413887 0.3359847076900124 0.03928542603757936 0.01959094505481122
5 7190.961852615987 13705.311267465411 534.5493766546397 459.3959084066618
5 0.5874106559904724 0.5692257924259038 0.01870734573218065 0.015237401709297617
5 12802.45757087862 17719.5564671141 588.0043143201036 656.279869152374
5 0.5739753804191791 0.35731707008302915 0.01870734573218065 0.010666181196508332
5 18548.863369916 22126.00701713718 320.7296259927838 937.5426702176771
7 0.6142245182065981 0.26665452991270827 0.25566705833980224 0.18985802529784832
7 1185.1350814123596 1092.921932978472 203.3895189222531 626.7841446960875
7 1.6987109357000323 0.310314167398584 0.181916945357167 0.12284931048684303
7 1308.289337932331 1705.3412768029914 252.86264514658495 952.3862977849641
