0 0.28785046728971964 0.68 0.2467289719626168 0.64
0 899.7727272727274 172.65625 259.39393939393943 79.6875
0 1.1160630841121493 1.3615686274509804 0.18890186915887847 0.9411764705882353
0 2308.076685219543 215.6875 719.9505256648115 206.125
0 0.45003092358438695 0.9727107337780473 0.19167983782297962 0.8878107944208611
0 2016.3831751409396 146.99077868852459 297.3708692963352 68.70833333333334
0 0.24548470458030724 2.8453608247422677 0.3093779838546338 3.041843541540327
0 589.8933005063171 35.01166267942585 126.05939024518557 13.478668261563001
0 0.16262176074410237 8.012661036252569 0.3093779838546338 5.045008800603469
0 92.12032364071253 34.29131778309411 184.24064728142505 32.11094497607656
0 1.8264156415277943 3.7837566004526018 0.24424577672734246 1.8996638076346397
0 2098.2962607051186 71.5916150286297 184.24064728142505 44.218350458859526
0 0.6350390194910904 2.329349668885332 0.09769831069093698 0.5427610878956113
0 762.551567914787 175.03097056631896 522.015167297371 92.12156345595736
