0 0.753 0.7207207207207207 0.102 0.3963963963963964
0 3112.745098039216 607.9772727272727 441.1764705882353 388.5
0 0.14733333333333332 0.6203346203346203 0.14053333333333334 0.46846846846846846
0 3287.476280834914 529.3846153846154 483.87096774193543 358.61538461538464
0 0.2903666666666667 0.6803946803946803 0.11780000000000002 0.4907764907764907
0 2317.4872665534804 515.5096153846155 390.4923599320882 321.93881118881126
0 0.28425652173913046 0.7610141787356975 0.13316521739130438 0.49077649077649066
0 1546.950502807888 501.24650349650364 360.45448609115834 350.46503496503504
0 1.3344264492753626 0.7261780052477725 0.10542246376811597 0.4365628086558318
0 1740.615742045462 557.766248457425 275.08368675377875 341.30255039078577
0 0.9288082583708147 0.6782838268713092 0.09815194902548727 0.34280435310558605
0 203.76569389168796 724.9032801035065 387.15481839420715 481.3241095254671
0 1.24239703898051 0.48304249755787126 0.09815194902548727 0.22230342898362246
0 2368.776191490873 1066.1104108180907 417.71967247796033 620.7731506029389
1 0.7552912175010057 0.27707383902306565 0.04548504954839654 0.025774310606796805
1 8332.408203639314 7022.496266195747 351.76393471828237 465.5798629522042
1 0.5387135555888215 0.37909715184163634 0.042642233951621755 0.027922169824029872
5 8958.25487082559 10779.964519124112 328.3130057370636 358.13835611708015
5 1.0828081549858237 0.8404573117032992 0.027412864683185413 0.022337735859223898
5 12092.86237798184 13945.012241308808 620.1467886144534 402.90565063171516
5 0.17979614189265727 0.7917486376769359 0.02418782177928125 0.024819706510248778
5 11700.102745192688 12913.12610274647 909.5486233011983 362.61508556854363
5 0.34027867457670663 0.8659319826909018 0.009895018000615057 0.022061961342443356
5 26983.275824602213 14731.237851222086 1616.9753303132413 543.9226283528155
5 0.14997136657182195 0.5469527916147415 0.012987211125807262 0.016546471006832517
5 17093.73920616855 18100.536354629803 615.9906020240919 664.7943235423301
5 0.02435102086088862 0.49263356861251356 0.042208436158873604 0.010529572458893419
5 5887.448638576417 27256.567265235535 165.8436236218709 569.8237058934258
5 1.085359786942464 0.5484152322340323 0.060297765941248 0.01579435868834013
