0 0.2467741935483871 0.7888349514563107 0.4935483870967742 0.41262135922330095
0 407.2549019607843 425.3294117647059 162.09150326797385 147.83529411764707
0 1.4467137096774194 1.1533105204520133 0.20358870967741938 0.46673563584275024
0 1355.6743909685085 365.3031543052004 334.00673400673395 152.12037510656438
0 0.3383165322580646 1.137257253532335 0.2275403225806452 0.4338669290932608
0 79.10685805422646 341.1184169056292 158.21371610845293 124.46212508718904
1 1.3178377016129035 1.241341491572385 0.18329637096774196 0.16872602798071254
1 1227.5202111862727 835.6742684425549 87.29032612880162 59.26767861294716
1 3.2592385962701615 2.775543160282721 0.5842571824596774 0.9617383594900615
1 73.5977259517347 139.85092584984898 78.73245101813481 25.99459588287156
2 1.7845246551214058 6.539820844532418 0.3175310774237377 0.6155125500736394
2 543.2539120251301 312.7474817157984 78.73245101813481 40.61655606698681
