0 0.767 0.5315315315315315 0.114 0.4924924924924925
0 2890.3508771929824 349.2439024390244 535.0877192982456 353.3048780487805
0 0.23921311475409837 0.5066445756100928 0.08970491803278689 0.4528666597632115
0 1856.0855263157894 382.0108993902439 724.5979532163742 388.6353658536585
0 0.35743959646910467 0.44514734169906583 0.12696696090794451 0.4477204477204477
0 1646.0975241545893 379.7012195121951 362.29897660818716 393.10243902439026
0 0.20563127364438838 0.44263271535998805 0.28981588902900374 0.43754498299952843
0 1487.1510373155113 402.244356211004 213.92891952102482 388.5314804310834
0 1.3439043241264286 0.44526636505246125 0.23839694097547082 0.44269257103481696
5 1635.9270316313662 573.7616048226465 75.50432453683229 18.07123164795737
5 4.873893015498514 14.027820844665763 0.13244274498637268 0.49802914241416907
5 2242.478438743919 510.01031539790796 75.50432453683229 16.06331702040655
5 2.6488548997274535 15.65679116464544 0.13244274498637268 0.5602827852159402
5 1026.8588137009192 451.5576895736508 120.80691925893166 17.848130022673946
5 0.5794370093153804 14.119126187441692 0.08277671561648292 0.7843958993023162
5 3346.351663472407 323.17864005341755 120.80691925893166 11.473797871718965
5 1.8045324004393277 22.093817830348577 0.08277671561648292 0.6100856994573571
5 1389.2795714777142 416.334951345231 144.96830311071798 13.112911853393102
5 1.6244930439734775 19.37022095777109 0.08967477525118984 0.9151285491860357
