0 0.809 0.808955223880597 0.142 0.3761194029850746
0 904.9295774647888 638.0952380952381 133.80281690140848 138.25396825396825
0 2.215947368421052 1.4646957520091848 0.2914736842105263 0.5280137772675086
0 809.6785843264718 350.369645575125 96.06356085229326 102.27005870841487
0 3.289488721804511 2.3809510141599697 0.18737593984962403 0.7724646000765404
1 2121.4036354881428 280.91902202184843 133.42161229485174 23.302038693056552
1 2.2185311278195488 7.381328400731386 0.08994045112781954 0.514976400051027
1 2712.9061166619854 314.57752235626344 111.18467691237646 19.418365577547124
1 1.1377467067669171 11.149239061104735 0.06295831578947367 0.2574882000255135
1 5003.310461056942 807.8040080259605 158.8352527319664 31.0693849240754
