0 0.493 0.4174174174174174 0.15 0.39039039039039036
0 2126.666666666667 279.20769230769235 533.3333333333334 338.12307692307695
1 0.474375 0.2425152425152425 0.0525 0.05323505323505323
1 5857.142857142858 948.623076923077 438.09523809523813 244.20000000000002
2 0.7019021739130434 0.2067977067977068 0.0525 0.05323505323505323
5 4209.52380952381 3709.9615384615386 419.04761904761904 244.20000000000002
5 0.826875 0.6511056511056511 0.05965909090909091 0.13104013104013104
5 4341.333333333333 1400.334375 368.76190476190476 175.51875
7 0.6752324380165289 0.826122565253 0.18982438016528927 0.5697397001744827
7 1706.8408163265306 189.56025000000002 337.1537414965986 196.58100000000002
