0 0.6642857142857143 0.46258503401360546 0.11071428571428571 0.2925170068027211
0 4403.225806451613 529.8837209302326 641.2903225806452 711.0697674418604
0 0.3999748490945674 0.26228087388801674 0.16685110663983901 0.22641941391941392
0 946.9520651190836 638.196157735086 275.69490503466994 552.0728008088979
0 0.7163715991601783 0.31698717948717947 0.3373294112501093 0.31879853479853476
0 1568.200051218714 392.09715966541046 112.64953108943503 483.0637007077857
1 1.3360020103458274 0.18424071166928307 0.1864188851645341 0.03312192569335426
1 2548.025107975316 1902.0633215369062 160.92790155633574 664.2125884732054
1 2.184207937844458 0.15281252081252078 0.10563736825990265 0.025594215308501016
1 2759.4401943336393 4786.237769880451 274.52406736080803 1133.068533277821
1 0.8214216049175189 0.09002103315403806 0.1129227040019649 0.02647677445707002
1 4631.486684829117 2171.71468878249 194.82353167541217 642.0721688574318
2 1.8375603651228833 0.2258313115455972 0.05132850181907495 0.0249193171360659
2 4968.00005772301 8346.938195146613 311.71765068065946 722.3311899646108
