0 0.940625 0.3078125 0.11458333333333333 0.471875
0 2072.727272727273 514.9668874172186 672.0 534.0397350993378
0 0.020089285714285716 0.31739211309523807 0.04017857142857143 0.46251240079365075
0 2414.222222222222 470.25766147411326 4778.666666666666 936.1911145668554
0 0.08035714285714286 0.21309751491531945 0.029296875000000003 0.3492876560266138
0 4454.4 393.65834328117006 1672.533333333333 483.8418910146745
0 0.011658960459183675 0.3503210514586452 0.02331792091836735 0.5104973434235125
1 4395.760683760684 46.03354023823827 3302.181196581196 88.14933237109454
1 0.11204715246488207 0.7203684734976232 0.01453584680625497 0.6239411975176264
1 30854.755555555552 111.3887018143831 3370.976638176638 72.12218103089553
1 0.00385644915267989 0.8527196366074228 0.00711959843571672 0.40209543840024814
1 34692.967901234566 322.06284287934386 4213.720797720797 57.20035047277921
5 0.08650312099395815 6.118843627829864 0.010679397653575081 0.4195778487654763
5 11798.418233618231 1003.389481210002 6180.123836657169 61.967046345510816
5 0.008414070878574306 6.576075898920446 0.006795980325002325 0.5648163348766028
5 61286.22804685026 609.0475412244491 5738.686419753086 42.49168892263599
5 0.002439582680770065 6.730727990612849 0.0045306535500015494 0.2824081674383014
5 98771.6220322887 1173.8329064878192 7283.7173789173785 74.36045561461297
