0 0.844 0.811377245508982 0.108 0.3712574850299401
0 2393.5185185185187 728.6048387096774 620.3703703703703 336.69354838709677
0 0.5593432835820896 0.23017964071856287 0.14185074626865674 0.40095808383233533
0 2481.4814814814813 596.0722819593788 408.8804713804713 473.86499402628436
1 1.0430921255790018 0.4642672549637567 0.061142563046834804 0.042206114087614245
1 4358.6658249158245 5176.975059737157 507.0117845117844 402.7852449223417
1 0.701167134295154 0.3897858771620845 0.07692128899440508 0.0645505274281159
1 3828.5889881723206 821.0622300340043 351.00815850815843 588.6861271941917
2 1.2236182823369253 0.4391134563202095 0.04273404944133615 0.02208307517277649
2 5428.926184926184 10913.335127215401 374.40870240870237 815.103868422727
2 0.6223145949894576 0.3275656150628513 0.03205053708100211 0.01226837509598694
5 11637.870499870498 10270.30874212636 686.4159544159544 978.1246421072724
5 0.4960549034582372 0.12421729784686777 0.021852638918865075 0.015335468869983677
