0 0.29775280898876405 0.535 0.35580524344569286 0.73
0 105.39473684210527 62.328767123287676 137.71578947368423 121.91780821917808
0 2.3853473973859205 0.9391573033707865 1.3288236642971794 1.5174157303370785
1 170.82778257118207 56.67530544242874 39.13235547886109 44.81303221029249
1 8.675685269786392 1.0041721744877725 1.2010521581147582 1.0711169861202907
2 214.39535182567516 114.36659262001729 34.13673563049585 30.808959644576085
5 4.643091879541199 8.390416391275611 2.138458720545789 0.8114522622123415
5 167.8779190595618 235.99663087745282 25.251831836257207 33.27367641614217
5 13.266364284867393 5.0790900856994705 1.2672347973604674 0.5409681748082277
5 40.24510698903492 153.4286190299889 17.360634387426828 22.18245094409478
7 2.0736569411353103 2.0286306555308538 2.649672758117341 3.696615861189556
