0 0.1378640776699029 0.62 0.15145631067961166 0.56
0 2512.275641025641 342.85714285714283 627.2435897435897 382.1428571428571
0 0.22479305058763413 0.5128971962616823 0.1084108329075115 0.5181308411214953
0 272.11302790346906 308.8023088023088 304.3976244343892 173.7012987012987
0 0.6948148836345054 1.0650467289719627 0.20696613555070376 1.128373831775701
0 1461.5917681175035 178.57556983832492 352.714707677943 174.58752981712163
0 0.9894682370848713 1.013818112813701 0.17010915250742772 1.3403019118554012
0 1581.3376060894445 129.0753959759062 270.4146092197563 126.83709431158411
0 0.6563994471754006 1.4112590718948046 0.12203482679880685 1.214155849563128
0 2019.915187050604 138.36773924900086 270.4146092197563 123.54262432946506
1 0.24037162854310443 0.8903809563462938 0.08875260130822317 0.11332121262589194
1 2292.8905406758504 842.7371873902795 281.6818846039128 132.3670974958554
1 1.382765528382117 0.7365878820682976 0.13845405804082814 0.1888686877098199
1 1968.161886014519 502.9949704842506 151.67486094056844 74.12557459767903
1 1.971322064486077 1.5109495016785592 0.19779151148689736 0.24283116991262557
1 887.2979365023253 448.87153506372306 106.1724026583979 65.88939964238136
1 2.3311142425241473 1.5025178638343708 0.17895422467862143 0.18212337743446919
1 170.43464637269136 656.1486047720477 72.64427550311434 49.41704973178602
1 4.790466937550789 1.5885205698450924 0.5230969644452012 0.7487294405639289
1 267.6368044851581 141.57316950187348 53.52736089703162 24.04072689654455
2 4.427642163339739 8.007245406030906 0.2615484822226006 0.7903255205952583
2 353.66292021253037 240.4072689654455 34.4104462909489 15.183616987291295
2 5.434396241736256 13.040371089821763 0.3487313096301341 1.1854882808928875
2 787.1389589054561 180.93810243188793 37.277983481861305 16.027151264363034
2 3.5812022950479157 8.11123560610923 0.3487313096301341 0.9983059207519052
2 952.0223473829195 214.86399663786693 28.67537190912408 19.032242126431104
5 2.301626643558885 13.923740473644992 0.41847757155616094 0.6305090025801506
5 230.59778243587283 408.4001956296674 54.96112949248782 14.274181594823327
5 4.221165069609971 18.915270077404518 0.29111483238689456 1.4011311168447793
5 554.763900814799 205.90506950532648 58.396200085768314 10.705636196117494
5 4.537966504854532 23.445594021869308 0.308239234292006 1.1209048934758234
5 953.8046014008825 256.9352687068199 97.32700014294718 12.48990889547041
5 2.9436846874886573 20.136255764940685 0.0924717702876018 0.720581717234458
5 3806.5671167019345 400.37096848257926 237.9104447938709 15.265444205574946
5 0.5947616134407115 18.66961721925641 0.05464240971540106 0.7860891460739541
5 3092.835782320322 316.7579672656801 219.60964134818855 12.72120350464579
5 0.8902159249467423 21.499538145122642 0.09562421700195185 1.3363515483257218
5 3377.8054359745192 221.49860219853846 167.32163150338175 5.9864487080686075
5 0.17331889331603773 33.575832651683754 0.0717181627514639 1.0022636612442912
5 3339.4608954216606 237.96133614572716 125.49122362753631 8.979673062102911
5 2.0479519807918023 26.671349652000863 0.07968684750162654 1.0022636612442912
6 815.6929535789861 156.64540786112858 527.0631392356526 47.89158966454886
6 0.05312456500108436 3.0485519696180527 0.0379461178579174 0.5846538023925032
6 3597.2059252833287 284.78391711240664 1133.185749356653 87.23110974614258
6 0.18178837857513916 1.7367657071071418 0.0405935214294 0.5846538023925032
6 4311.032742117703 262.54853619672326 689.7652387388324 76.96862624659639
6 0.39361218100293216 1.8384114008564267 0.04204329005187857 0.48071534863383597
6 7147.394973828246 361.960566673183 1070.325370456809 124.81398850799414
6 0.35643367010648164 1.3900685497995091 0.058860606072629995 0.6970372555190621
6 5954.74670389066 184.35169566985343 662.5823721875485 81.7746821259272
