0 0.06 0.556 0.116 0.584
0 2155.1724137931033 330.47945205479454 568.9655172413793 356.16438356164383
0 0.15554545454545454 0.5334615384615384 0.1247878787878788 0.6233076923076923
0 3742.3506556580865 348.14266321115633 528.8975230694512 394.6686412439837
0 0.29589853076216716 0.48901782363977486 0.10777134986225896 0.5574296435272045
0 3716.2010173564067 418.88694422941 881.4958717824186 417.98997004476456
0 0.35110771349862263 0.41149312741064026 0.07146942148760331 0.5263284187810515
0 1644.0597608640346 295.44291064527675 545.6879206272115 381.8908362681712
0 0.3985794659885569 0.36005053523579394 0.09712511125238399 0.43729774097729157
0 3500.6394908160737 372.7437503695324 411.83994009600866 452.7807519826222
0 0.9032635346471711 0.4163162837081791 0.2331002670057216 0.5499350378956849
0 1653.7947594480347 124.56016671007878 167.3099756640035 96.37501949830913
0 1.1146974306812072 1.9092084334491701 0.30482342608440516 2.303501479487586
0 1405.7318543534413 82.48312479585015 147.62644911529722 93.77028924159806
5 1.5884687425954003 3.0819996646847794 0.12870322434674883 0.14930102181863983
5 2070.655194169827 1918.9419905512746 194.24532778328583 100.46816704456936
5 2.4736759719445125 3.279645779282788 0.0978144505035291 0.18911462763694378
5 1124.5782134821811 1528.1736987305549 224.91564269643624 74.0291757170511
5 1.409417309528124 3.701243426608757 0.06224555941133671 0.18911462763694378
5 5325.681110990615 1345.744658570679 208.8502396466908 68.74137745154745
5 1.9320064017287968 5.01153763237901 0.1771604383245737 0.18911462763694378
5 2130.836904503399 1615.4223701113651 152.40422893136895 58.16578092054015
5 0.9317326756329432 5.097498826759439 0.11810695888304913 0.18911462763694378
5 2531.6035805821843 1456.7884221462557 118.53662250217586 79.31697398255476
5 1.6324068959907148 3.624697029708089 0.19403286102215214 0.1386840602670921
5 881.2940194726988 2105.5051275369083 133.9979210894162 72.10633998414069
5 0.18657005867514628 4.3477452893733375 0.17910725632814042 0.12481565424038289
5 1155.7320693962147 1738.5639751731699 122.83142766529818 64.09452443034728
5 0.30122584018823617 4.766397796304622 0.1465423006321149 0.17162152458052649
5 457.2058696430543 1710.1584473006296 163.77523688706424 75.74807432677405
