0 0.123 0.5652818991097923 0.242 0.8635014836795252
0 510.3305785123967 189.92439862542957 243.801652892562 143.60137457044675
0 0.9844067796610169 1.4240810759069589 0.4019661016949152 1.8314587919977026
0 954.0605498397707 111.659623953066 231.36279305110477 142.50934890831408
0 1.4414590851102604 1.2525494037225666 0.2377218880991434 1.4244679493315464
0 1224.1195050522088 115.48171377053038 210.3298118646407 108.8125570482201
0 0.9128520503007106 1.5806999179679095 0.180668634955349 1.5255592231550756
0 2490.7477720812713 135.03245031285144 553.4995049069491 170.42930622010377
0 0.14724493748860945 0.9769446563666158 0.05962064953526517 0.6865016504197841
1 847.0219696303312 99.78126047929152 1392.1351184023267 68.4630546354263
1 0.16736881134598536 1.2853647922753402 0.027296200992049113 0.4089797066330628
1 12162.86471867296 209.05682754746246 952.5135020647499 41.566854600080255
1 0.20419658049821354 2.3335900907886526 0.022046931570501204 0.38492207683111795
1 20206.89357951648 236.41148553795645 2313.247076442964 72.74199555014044
1 0.16945876814973476 1.1822606645527194 0.01642712548390286 0.3299332087123868
1 17897.227380900826 289.45252395993384 1095.7486151571934 51.52558018134948
1 0.2797174422675682 1.9698953343710153 0.010038798906829526 0.2134861938727209
1 7670.240306100353 538.6765200777446 1992.2702093767152 65.57801113989933
5 0.15936593264591872 4.147731766670006 0.006525219289439192 0.21348619387272091
5 22221.47541227875 1035.1957472798395 2452.024873079034 37.47314922279962
5 0.07769089216488538 6.631414897171393 0.005301740672669344 0.34691506504317143
5 66959.14076485054 926.7398057792368 6790.222725449632 66.29864862495317
5 0.013327986968793767 3.348484540851481 0.0025035997620938572 0.12066610958023355
5 71497.0510503226 1810.7818405690336 5591.948126840873 91.16064185931062
5 0.0208335265917096 2.451715953743836 0.001967114098788031 0.07678752427833044
5 59477.993712762 2871.5602185682847 7117.0248887065645 143.2524372074881
