0 0.221 0.7295774647887324 0.302 0.523943661971831
0 1077.814569536424 424.6639784946237 480.1324503311258 368.36021505376345
1 0.5852551724137931 0.3909216959789827 0.0791448275862069 0.08687148799532948
1 2103.7382363192746 2077.7818380376348 416.95712791913553 310.8039314516129
2 0.40891494252873567 0.7046242915176725 0.059958202716823415 0.06434925036691073
5 925.6448239804809 5213.735950100806 750.522830254444 574.9872731854839
7 0.44968652037617557 0.41044386720516035 0.15855613607337746 0.28174536647133885
7 706.3744284747709 919.2697762656811 971.2648391528099 667.2691812275987
5 0.37528384155029926 0.4450977332020619 0.06280470324984432 0.053951240388128714
2 4410.497712218497 3790.4596544734422 573.2054788442813 426.31086578429915
