0 0.699 0.6280487804878049 0.274 0.7439024390243902
0 919.7080291970802 236.59016393442624 255.47445255474452 250.0327868852459
0 0.6380285714285715 0.8378901127720955 0.25834285714285715 0.9398767374770521
0 752.8754700287546 206.41004534356472 158.70382658703826 221.30561562609
0 0.5198362369337979 0.8540226124190522 0.762426480836237 1.247144132421473
0 158.70382658703826 145.53249723237442 70.82650112148815 129.0949424485525
1 1.1436397212543554 0.6313183030580749 1.101282694541231 0.4415355002982855
1 304.6447580289651 221.95270806944114 39.045378823384496 63.41505944841175
1 6.287555849066796 1.466528625990734 0.5890581854522864 0.3153825002130611
1 228.33058485848758 347.19745048005433 39.045378823384496 60.244306475991166
1 4.341102714528806 1.7346037511718357 0.8963928909056532 0.414976973964554
1 211.96062789837296 242.1821120334845 29.005138554514197 50.60521743983258
5 9.308695405558707 5.177331770414912 0.5516263944034789 0.19760808284026382
5 427.82579367908437 1328.3869577956052 29.005138554514193 65.78678267178235
5 4.671586027604462 3.8685582371420884 0.792962941955001 0.22800932635415058
5 252.84914261652588 1260.913334542495 21.43858067072788 83.32992471759097
