0 0.364 0.42375 0.236 0.5575
0 1326.271186440678 434.0807174887892 508.4745762711865 426.90582959641256
0 0.17798333333333333 0.418125 0.17503333333333332 0.5129936974789916
1 474.19539135402783 156.92200585621558 159.969529613407 40.93617544075189
1 0.9408041666666666 1.783263805522209 0.18128452380952378 0.6351350540216086
1 1773.4553024382878 251.9149257892424 171.00191096605576 47.23404858548295
2 1.532146620583717 2.794594237695078 0.11695775729646696 0.38108103241296515
2 1111.5124212793623 337.1986246241422 171.00191096605576 49.85816239578756
2 0.9882930491551457 2.1059741264927023 0.12865353302611365 0.3610241359701775
2 594.6202813137847 340.69744303788167 240.9572381794422 72.01734568280425
5 1.132981113423517 4.8807686074429775 0.14940410286903522 0.20828315536741013
5 2436.345408258804 1682.8053107881926 120.4786190897211 62.415032925097016
5 1.9007521976116146 4.381957153306667 0.19920547049204695 0.20828315536741013
5 594.8631817554979 1334.7214733213054 135.53844647593624 57.6138765462434
5 0.6418842938077068 4.799191038257408 0.16231556854907528 0.2950678034371644
