0 0.19375 0.648 0.3375 0.704
0 317.037037037037 130.6818181818182 160.0 116.47727272727273
0 0.61875 1.3908292682926828 1.1125 1.5110243902439024
1 93.48314606741573 42.68627324380165 34.157303370786515 17.868672520661157
1 1.859046052631579 5.00876603432701 1.4345394736842105 1.7348798554652214
2 86.0903462508599 110.38228347440682 34.157303370786515 24.785578012529992
2 3.1618421052631582 9.783915463960842 1.2881578947368422 0.6051906472553098
5 95.87334014300306 316.4292126266329 38.038815117466804 71.05199030258598
5 2.8392051557465092 3.412993766497968 1.2092910848549947 0.2111130164844104
7 62.01980725673935 819.4662881564916 107.50099924501487 729.4671004398826
