0 0.83125 0.5411985018726592 0.3275 0.9176029962546817
0 270.2290076335878 162.92448979591836 387.7862595419847 253.92244897959182
0 0.5699015748031496 0.6182990146437126 0.3455511811023622 0.8664062625580685
0 125.8858379856443 183.51667903525046 176.5295659109035 246.99729128014843
0 0.9375200077449335 0.6680235201966416 0.35688072802375115 0.8259199886067569
1 928.8817634835636 52.06315453454109 165.321339503862 48.43084142748008
1 1.4184496732469432 1.3524439813435645 0.2842948172392594 0.7226799900309123
1 615.5581790037414 106.54785114045617 126.6291111093411 38.744673141984066
1 0.40275099108895085 1.6905549766794556 0.3000889737525516 0.7484899896748735
1 358.22709063826755 72.8132650426942 176.6142865472389 57.448998107079824
