0 0.094 0.6122754491017964 0.184 0.7694610778443114
0 2328.804347826087 265.7704280155642 777.1739130434783 305.408560311284
0 0.4567832167832168 0.6532233405529367 0.09779020979020979 0.8283985221047268
0 1181.099828375286 231.77250426785193 1012.3712814645309 340.41586564340747
0 0.23657328530055804 0.6066109745199507 0.10174132937769302 0.743208603164879
0 1690.561751571838 277.8493132623069 648.7039279287285 340.41586564340747
0 0.4393375586764017 0.5919230574613562 0.08940904702888175 0.7079576022242523
0 3528.7256769226524 260.60882660252565 592.7811755210795 278.26525116909244
5 0.34835789078234114 1.0259994692133199 0.02530444727232502 0.04671801435997604
5 11895.142255456329 6731.878576359967 790.3749006947727 363.88532845189013
5 0.2176182465419952 0.820313369791344 0.017713113090627515 0.04122177737644944
