0 0.41 0.5645645645645646 0.124 0.4744744744744745
0 3806.451612903226 484.746835443038 451.61290322580646 434.1645569620253
0 0.6155714285714285 0.46526137788273714 0.27899999999999997 0.5527857955042421
1 870.967741935484 179.09287974683545 129.03225806451616 61.506645569620254
1 1.4608749999999997 1.9672670957650968 0.20924999999999996 0.42271854950324395
1 2250.8960573476706 322.90988924050635 152.92712066905617 44.94716407010711
2 2.9589257812499996 5.339602730567292 0.07192968749999999 1.0234238566920644
2 3037.6887151080705 181.7428808052157 264.1468447920061 25.40491882223445
2 0.6852249177631579 7.636316469163866 0.04542927631578947 0.9446989446388288
5 4556.533072662105 267.2809167755916 352.19579305600814 30.69761024353329
5 0.8830315583881578 9.51214109774269 0.1476451480263158 1.7590945865688536
5 3142.670153422842 171.67922765827876 230.28186469046685 35.24540435368637
