0 0.099 0.5645645645645646 0.118 0.6006006006006006
0 2139.830508474576 371.295 838.9830508474577 246.42
0 0.1895151515151515 0.8319129940751563 0.09773737373737373 0.6736466195925656
0 2194.656883009508 253.8422891566265 399.02852418354695 249.3889156626506
0 0.6027138047138046 0.729783837891946 0.11277389277389277 0.6415682091357767
0 1684.7871021083092 282.1212108433735 390.1612236461348 274.3278072289157
0 0.412649925831744 0.6306323873891441 0.10252172070353889 0.6124060178114232
0 2345.844357172385 228.60650602409638 438.9313766019016 124.10067469879517
1 0.6504433613524523 1.281217853052846 0.0706260742624379 0.1772754262085699
1 3532.689627812079 626.144313253012 353.9769166144368 101.53691566265059
1 0.6257470179651998 0.9454689397790396 0.06497598832144287 0.1772754262085699
1 2585.5705213576252 552.8120963855421 400.1478187815372 101.53691566265059
1 0.1174565942733775 0.9356203049896745 0.06997414126924617 0.15757815662983993
1 2822.4712217626284 647.2978373493975 357.27483819780105 126.92114457831322
1 0.5108112312654971 1.0597131033356735 0.07557207257078587 0.1812148801243159
5 2117.1842263573394 1547.8861327920374 396.97204244200117 71.73803823991616
5 0.15618228331295747 3.9100595288362014 0.08061021074217159 0.18121488012431594
5 3157.1682750465407 1592.0326178627547 434.1881714209388 71.73803823991616
5 0.42723411693350943 3.7288446487118856 0.057578721958694 0.12545645547068027
5 3829.53967193268 2263.7336511262433 538.393332561964 95.65071765322155
5 0.3770477599230607 2.760042020354966 0.03714756255399613 0.08363763698045351
5 1076.786665123928 3359.7314575694068 323.03599953717844 119.56339706652693
5 0.6640126806526808 2.090940924511338 0.0588169740438272 0.06691010958436282
7 2728.8041013535335 3048.8666251964364 1479.1648399860276 2451.049639863802
