0 0.589 0.624 0.146 0.528
0 1544.5205479452056 447.91666666666663 376.7123287671233 365.530303030303
0 0.4260545454545454 0.5197927461139896 0.07698181818181818 0.2024455958549223
0 2455.1251771374586 933.5841523341522 259.8016060462919 326.0135135135135
0 1.549259090909091 0.6349430051813472 0.1655109090909091 0.34967875647668395
0 507.51941646252374 470.43178046467517 169.17313882084125 214.4825746799431
0 1.5014203896103897 0.9837629015544042 0.1773331168831169 0.5967850777202073
1 1621.2425803663953 243.80636418696656 152.25582493875712 35.188547408428164
1 1.4974796536796537 4.24854138662719 0.17076522366522368 0.5399484036516161
1 972.0948823012955 293.5465665387297 58.55993266875274 20.372316920668936
1 3.253077510822511 7.853794962205326 0.1536887012987013 0.49086218513783286
1 1642.9314443177852 310.6778330402013 110.61320615208851 26.484011996869615
1 3.652366783804431 5.833708277215014 0.12656716577540106 0.3398276666338843
1 671.5801802091089 386.9608419542616 79.00943296577752 20.598675997565255
5 3.8096716898395715 15.122331165207852 0.15188059893048125 0.5340149047103896
5 1804.0487193852534 611.4061557459142 131.68238827629588 24.343889815304394
5 1.8757253967914433 12.734201573863137 0.07594029946524063 0.4107806959310689
5 2811.418989698917 796.0451969604537 197.5235824144438 29.212667778365272
5 1.316298524064171 9.020059448153056 0.040501493048128334 0.3080855219483017
5 10011.97658363212 840.675661621845 222.21403021624928 25.966815802991356
5 1.7640650305407009 9.512140490153815 0.02700099536541889 0.3851069024353771
