0 0.602 0.6101694915254238 0.176 0.7740112994350282
0 1099.4318181818182 277.77372262773724 687.5 359.1678832116788
0 0.3694545454545455 0.46635572897614114 0.09309090909090909 0.5317847416981669
1 2712.40234375 152.31726984369624 268.5546875 33.84828218748805
1 1.1412945454545456 2.777098095534872 0.13777454545454546 0.8272207093082597
1 1386.3228462837837 114.84238599326304 319.3623310810811 43.51921995534178
5 0.9190188429752065 7.663280737619573 0.053231074380165284 0.3906320016177893
5 4057.780206677266 857.5846285317351 300.5763116057234 61.438898760482516
5 0.8999378512396694 4.166741350589753 0.049904132231404955 0.2278686676103771
5 4959.509141494436 1081.7634674613528 220.42262851086383 57.05040599187662
