0 0.704 0.5906666666666667 0.14 0.6
0 1146.4285714285713 417.5 835.7142857142857 415.0
0 0.2506837606837607 0.5084337349397591 0.058632478632478634 0.42891566265060244
0 4238.265306122449 544.3960674157303 1722.594752186589 561.8820224719101
0 0.17125327917407124 0.3755236714492826 0.030187018701870186 0.3274708793680948
1 11594.387755102041 369.4985039081582 1126.3119533527697 67.18154616511968
1 0.11852844107940205 2.113675675921339 0.04528052805280528 0.5060913590234193
1 6404.5189504373175 253.90672594758468 574.198250728863 33.59077308255984
1 0.44409748667174415 3.691489912876705 0.0626961157654227 0.7144819186212977
1 3349.4897959183672 181.9500208638658 382.798833819242 22.39384872170656
5 0.6347981721249047 15.51765417005631 0.03657273419649657 0.6698267987074666
5 9064.129529362766 474.0031312761222 738.2548937942524 19.40800222547902
5 0.3711455248088911 17.673122458204695 0.021672731375701672 0.8244022137938051
5 9389.679430445649 356.622040893177 507.5502394835485 14.556001669109266
5 0.9555704288377556 22.739761063812455 0.059107449206459106 0.6870018448281708
5 5227.76746668055 433.76884973945613 236.856778425656 11.644801335287413
5 1.5684583842999684 27.780637100239158 0.06332940986406332 1.8033798426739485
