0 0.583 0.6194690265486725 0.102 0.35398230088495575
0 2470.588235294118 484.4875 941.1764705882354 223.175
0 0.32671875 1.3442365856390723 0.0435625 0.34950151226615883
1 6450.502152080345 489.26826923076925 367.2883787661406 51.50192307692308
1 0.7718730468749999 2.689219969381278 0.046285156249999994 0.2524177588588925
2 6384.336230905563 629.9081360946745 237.65718626044395 63.38698224852071
5 1.2412837357954545 5.1193476718569135 0.058908380681818175 0.1735372092154886
5 3963.782356558119 1189.9465303926843 254.63269956476137 51.86207638515331
5 0.8286445549242424 3.17187454621643 0.04712670454545454 0.1735372092154886
6 5463.993344827171 904.705110274341 827.5562735854744 207.44830554061323
6 0.3425748907342657 0.9448136946176601 0.037459688228438225 0.2410239016881786
6 8248.867372190696 1217.7215535233997 907.6423645776172 170.10761054330285
