0 0.873 0.6388888888888888 0.206 0.7222222222222222
0 504.8543689320389 308.7692307692308 271.84466019417476 279.6923076923077
0 1.294857142857143 0.7830033003300331 0.26485714285714285 0.7436743674367438
0 66.07335490830637 267.5902366863905 132.14670981661274 131.77810650887574
0 1.6913020408163264 1.4456119081295884 1.5210367346938773 2.0109561976605823
0 92.37120760812981 94.48241598749581 17.751050572380816 46.74393212012951
0 3.718089795918367 4.257237056749531 1.4647020408163265 2.0965288018163517
0 132.1087802213726 110.18212571173385 40.281230145018 88.71807524840906
1 6.7649373919059155 0.8791894975358895 1.415051124178485 0.4283230885431257
1 259.7079311981424 304.67654789256267 24.734088685537365 72.37527191317581
1 4.0430032119385295 1.837644218588249 1.2937610278203293 0.3316049717753231
1 12.367044342768683 465.9158129410693 10.821163799922598 33.17199962687225
1 5.960541878172231 4.657542558117037 1.3861725298074956 0.33160497177532305
1 100.27611787928274 450.83763129249104 10.099752879927758 33.17199962687225
1 42.62480529158049 3.2859038112282013 4.653579207210878 1.145544447951116
5 3.6531021055057846 213.43562917816487 3.0084370280635873 6.1106315102133095
5 65.81490593055385 50.97672793382466 8.642361384820203 2.78203651645271
5 16.546403654349728 83.57187212497615 2.5456005622076505 2.5161423865584216
5 26.909170675462907 96.37769360568318 5.106849909211939 4.371771668711402
