0 0.635 0.5783132530120482 0.278 0.7108433734939759
0 482.0143884892086 222.27118644067798 467.6258992805755 286.98305084745766
0 0.38599230769230775 0.38852468698322695 0.11761538461538464 0.5191944247578549
0 1985.2844996729884 215.7188033215789 314.5846958796599 211.86668183369355
1 0.8980093555093556 0.4696349569400597 0.1811912681912682 0.22183761785108347
1 739.5499868048145 356.1163375502509 286.9895471182862 207.35888009255115
1 0.7927117983367984 0.31105492068249746 0.045297817047817046 0.07233835364709243
1 3863.320826592315 594.4287895986466 397.37014216378094 165.88710407404093
2 0.34225017325017326 1.0067087549220364 0.06543018018018018 0.14467670729418486
2 2445.3547210078827 1188.8575791972933 458.504010188978 179.71102941354434
2 0.5714235735735737 1.1045510153036806 0.05670615615615616 0.12798324106793277
5 1931.0072736805034 1902.5928548781758 440.869240566325 195.33807544950471
5 0.39921133933933933 1.2516760976443824 0.07712037237237238 0.148460559638802
5 4168.807671825691 1946.644958789892 661.3038608494875 296.3750110268347
7 0.4816242862862863 0.6933782955857685 0.2071664904904905 0.5837199276707442
7 644.4092366672013 281.81323302840644 632.3416479655683 251.83310185517172
