0 0.709 0.55 0.534 0.8939393939393939
0 368.9138576779026 238.83050847457628 104.8689138576779 173.38983050847457
0 4.310142857142857 0.8189638318670577 0.9154285714285715 1.580254154447703
0 139.82521847690387 141.11654088828405 89.57553058676653 101.24953606334282
1 1.1889407665505227 1.6246988025415445 0.3907317073170732 0.4246933040078201
1 646.2234706616729 169.53410689676008 156.11735330836453 178.95266839102453
1 2.7511355457816875 0.13970174473941452 0.3394882047181128 0.21234665200391006
1 755.5490778036886 993.6582376448993 138.44369066968176 207.20835287381786
1 3.102344338860201 0.16891210954856484 0.38282712446936124 0.2702593752777037
2 922.08722276222 937.9878116698719 177.62586727430866 255.3102919338113
2 0.838841787440218 0.8401541448850355 0.13511545569506866 0.10575366858692754
2 1927.9807677065587 2647.6622867210062 436.66359038267547 340.41372257841505
7 0.8679450459056106 0.550800357223581 0.4992401583309317 0.8313413391694582
6 403.61336450508765 229.14775318441013 78.11871571066212 66.15814396400293
6 4.986001068458921 2.1236992391510703 1.9585575442213476 2.7358687707213076
6 227.46331927516323 33.81010119707332 35.23000904598487 25.220507919979017
6 3.619073723017708 7.434426007394858 1.504399273097557 2.1807649621691585
6 178.14419668535746 116.70216846608471 37.22416050141798 27.05472667779567
