0 0.4103671706263499 0.5272988505747126 0.20734341252699784 0.7155172413793104
0 1437.2291666666667 253.66265060240963 289.375 361.9759036144578
1 0.9952483801295896 0.1781886566369325 0.11749460043196544 0.06354014112634802
1 1595.8180147058824 1093.7967522262966 280.8639705882353 330.4997380827658
2 0.8028797696184305 0.3661122417280053 0.08901106093330716 0.0665658621323646
5 1775.060294117647 4461.746464117339 292.0985294117647 300.45430734796895
5 1.0150684448740606 0.9885030526656142 0.11982258202560579 0.08653562077207397
5 1664.9616176470588 3195.21599929667 258.7158403361344 196.45089326597972
5 1.084201105102659 1.4125667508382662 0.08890062537383656 0.08653562077207397
6 2030.3569208987942 1571.6071461278377 596.1712842528315 970.6985314318997
6 0.4897921247011373 0.14268075567776484 0.08051377392347463 0.08756580673364628
