0 0.244 0.5826666666666667 0.096 0.36533333333333334
0 1572.9166666666667 593.978102189781 375.0 284.6715328467153
0 0.6653333333333333 0.8044358974358975 0.13066666666666665 0.47071794871794875
0 2422.1938775510207 500.299596905981 329.08163265306126 363.2748665431964
1 0.3950387596899224 0.4280505323136902 0.04862015503875968 0.03028010196431249
1 3157.1269132653065 5630.760431419544 267.3788265306123 363.2748665431964
1 0.9256529516994632 0.46521247563352824 0.0710602265951103 0.033032838506522715
1 4559.51262083781 4798.25552892472 337.74167561761556 575.1852053600611
5 0.3227318624527926 0.48940758103084964 0.03553011329755515 0.015647134029405495
5 3546.287593984963 17926.605567055238 225.16111707841037 575.1852053600611
5 1.3035110316040546 0.4981004332694083 0.03997137745974954 0.015647134029405495
5 3515.015216612962 16840.144623597345 375.2685284640173 447.3662708356031
5 0.41037280858676195 0.5923557882560652 0.015988550983899816 0.017882438890749138
5 15730.005818116724 16161.106533936161 813.0818116720375 559.2078385445038
5 0.28471919636713905 0.5194848497762624 0.011068996835007566 0.01967068277982405
5 30761.59520825875 14844.42625954501 813.0818116720375 508.3707623131853
5 0.44890931608641793 0.5507791178350734 0.01721843952112288 0.01180240966789443
5 17829.722584522537 25884.544647779687 1277.6999897703445 593.0992226987162
5 0.25162401391095485 0.530265405793257 0.014870470495515216 0.021918760811803942
5 18425.77879984602 12842.87932228374 672.4736788264971 501.85318843737525
5 0.40670736805234114 0.5639099372491377 0.013383423445963693 0.015940916954039232
