0 0.167 0.6422155688622755 0.142 0.7095808383233533
0 137.32394366197184 300.17721518987344 260.5633802816902 338.2278481012658
0 1.5907837837837835 0.6489708083832335 0.3185405405405405 0.6711452095808383
0 1510.0118784999154 288.3131656722244 119.29407771932804 195.18875815535606
0 1.663955192034139 1.027210797869909 0.5784025604551919 1.0400189125565662
0 522.1277024816967 205.76548889283842 155.60097093825397 228.84199232007262
0 2.2943301564722614 0.9132939190097578 0.37274831673779035 0.847746508554512
0 659.9627388070771 235.91957971141508 123.40766660620142 195.81325116047452
1 1.653057752489331 0.5566528279062759 0.22689027975343762 0.10213813356078456
1 440.7416664507193 1072.077550103598 149.85216659324456 283.92921418268804
1 2.8027622793071707 0.41559654345422686 0.25358325384207736 0.09157211974415168
1 70.982605228379 1179.3982742973196 141.965210456758 327.61063174925545
1 2.0779738856503562 0.3266072270874743 0.25358325384207736 0.07936250377826479
1 1457.1151462158912 1543.5500918955306 106.47390784256851 289.80940500895673
1 4.55041061061061 0.465823391741989 0.19723141965494906 0.041406523710399025
5 517.1589809496185 7559.1953139836205 162.24595480772342 241.50783750746393
5 1.1186719583554143 1.223562775642291 0.08012526423482307 0.05382848082351873
5 923.5538965978102 6056.273463648711 199.68732899412112 222.93031154535132
5 1.0516440930820528 1.2963692464997427 0.13020355438158748 0.0627998942941052
5 1950.7915986348755 4347.14107513435 153.60563768778547 222.9303115453513
5 1.487575608809637 1.2402979123085776 0.07161195490987311 0.058314187558811965
5 6709.773537180084 4304.269861375629 125.67733992636994 171.4848550348856
5 2.7132974026963037 1.7173528236070124 0.11139637430424706 0.06414560631469317
5 4439.103185256424 3944.151665802369 98.74648137071924 187.0743873107843
7 0.835472807281853 1.213421052786279 0.7190129614183219 1.0370206354208729
7 576.4847398332835 218.41416869016825 112.65443649335576 162.96686317279662
7 2.596435694010607 1.4174660756344475 0.6479993355992284 1.239515789082937
7 306.3274745743989 172.24467964055484 106.48159065810339 133.11649714609624
1 2.4135627427391553 0.9502954382969183 0.22539107325190552 0.12770768736006016
