0 0.386 0.6606606606606606 0.232 0.6786786786786787
0 366.37931034482756 324.1592920353982 534.4827586206897 333.0
0 0.5846774193548387 0.6396396396396397 0.2525806451612903 0.7207207207207207
0 1476.7560664112389 302.475 886.845466155811 319.125
1 0.12403513824884793 0.4057971014492754 0.07893145161290323 0.1410105757931845
1 5137.369093231162 872.275 899.514687100894 283.6666666666667
1 0.3418510052248978 0.4142185663924794 0.058920661063153114 0.17273795534665098
1 3445.310971348707 741.0068027210885 848.5987614159377 243.14285714285717
6 0.1001651238073603 1.0076380728554641 0.14612323943661973 0.7238542890716803
6 2706.6194366129303 334.3214285714286 1224.993373334297 248.66883116883122
6 0.2546952553308679 0.953074813944379 0.10938834684082148 0.7238542890716803
6 1800.9230936332576 335.70292207792215 1060.4420246774512 232.09090909090912
