0 0.7479757085020243 0.5963855421686747 0.3097165991902834 0.8072289156626506
0 621.5359477124183 244.6641791044776 319.64705882352945 333.23880597014926
0 0.7461354435038645 0.5371523267792359 0.1970923813029076 0.5821650915931383
0 550.5032679738563 242.19933835974766 106.54901960784315 120.24080627788891
0 0.478652926021347 1.7007537318685255 0.6757453073242546 2.120744262232147
0 93.97031590413944 90.06272156500698 140.5855119825708 105.62329649508672
5 0.28452433992600196 3.086440310212857 0.19916703794820137 0.11361129976243645
5 1302.9264414098973 2363.321259077565 105.43913398692811 79.21747237131504
5 0.6401797648335044 3.9763954916852757 0.3888499312322027 0.15148173301658194
5 246.88187470109997 1907.8207929425037 72.00721345448748 105.6232964950867
5 3.270505671613705 2.778743040022925 0.15276247298407963 0.08520847482182735
