0 0.51 0.5555555555555556 0.248 0.8828828828828829
0 818.5483870967741 165.3673469387755 338.7096774193548 323.9387755102041
0 1.2104761904761905 0.4352674352674353 0.18304761904761907 0.5618345618345618
0 2540.322580645161 234.94460641399417 240.3746097814776 142.39067055393588
1 0.9381190476190477 0.17206183456183455 0.16224675324675325 0.2879402129402129
1 1685.7039942367726 194.48481831757098 252.70151284719444 125.0259546327242
5 1.1871713652201457 2.483484336609336 0.10288818498574596 0.19995848120848117
5 1987.5945914327408 1377.7860200526206 379.0522692707916 125.0259546327242
5 1.0196482947946364 1.8036255005005002 0.034296061661915324 0.10397841022841021
5 12290.040884433743 2125.4412287563114 612.3152042066633 115.40857350713001
5 0.42625105208380476 2.7640927385719047 0.0457280822158871 0.2252865554948888
5 4756.37703267676 1111.9172178283104 809.130805558805 75.45945190850809
