0 0.647 0.6456456456456456 0.278 0.7087087087087087
0 681.6546762589927 266.6822033898305 528.7769784172662 380.97457627118644
1 0.37255782312925173 0.2677344010677344 0.0718639455782313 0.0944944944944945
1 4675.501703900038 1185.2542372881355 695.7591821279818 317.478813559322
2 0.5317931972789116 0.9559693026359694 0.045992925170068026 0.10394394394394395
2 5837.854387542598 2005.8888674884438 587.0468099204846 202.03197226502311
2 0.4198983723859915 1.0592382859049525 0.056213575207860925 0.10889365556032223
2 2241.4514560600323 619.8708239949573 284.6287563250835 211.2152437316151
7 0.6569961602418745 0.9137598053540081 0.48484208616780045 0.9374323391714695
7 695.0716730547329 253.8849899400222 235.1281030511559 198.41431986909296
