0 0.12704918032786885 0.4938080495356037 0.1885245901639344 0.4117647058823529
0 962.7391304347826 369.14285714285717 376.60869565217394 233.14285714285717
0 0.6903717386284922 0.5962009803921569 0.14869545139690601 0.29166666666666663
0 2125.1490683229817 521.1428571428572 672.5155279503106 473.1428571428572
1 0.49069498960978986 0.21240942028985504 0.05055645347494805 0.0697463768115942
1 3916.413956887103 1634.4935064935066 395.59736938253565 286.7532467532468
1 0.13397460170861233 0.3853487318840579 0.08594597090741168 0.12205615942028984
1 2821.5400610372026 946.2857142857143 221.06911818435813 172.05194805194807
2 1.5832152535575836 1.2060310990338163 0.07237555444834669 0.12205615942028984
2 4297.030984708461 1634.4935064935066 248.7027579574029 172.05194805194807
2 0.146761540964703 1.0926932367149758 0.07639641858436595 0.1278683574879227
2 3108.784474467536 1263.0177095631643 143.9858072384964 117.3081463990555
2 0.4549059470250882 1.8668780193236714 0.11806719235765648 0.11934380032206118
2 1749.0040702793826 1365.8019902175747 93.16728703667414 117.3081463990555
2 2.661878518608982 1.3596668679549113 0.10733381123423316 0.1278683574879227
2 1979.8048495293253 1192.632821723731 102.48401574034155 101.66706021251477
5 3.4541971979016854 2.1639260497956148 0.1561219072497937 0.13770438498699367
7 2024.0593108717455 1151.0163602631137 640.5250983771347 718.9313543599259
7 0.09757619203112106 0.23646207523019114 0.14519337374230815 0.13074961806845864
7 1208.7328469374959 1108.9898551296728 378.8051657069076 413.00311846208507
6 0.7008880132469602 0.33413791284161654 0.10295530138090941 0.12106446117449873
