0 0.459 0.4144144144144144 0.21 0.5765765765765766
0 1592.857142857143 235.875 423.80952380952385 333.0
0 0.29258426966292134 0.4174174174174174 0.24539325842696627 0.5645645645645646
1 676.4652014652015 164.7287234042553 81.5018315018315 38.96808510638298
1 2.846561797752809 1.7835107835107835 0.31901123595505615 0.5389025389025389
1 1054.8217807833194 145.66641337386017 78.36714567483799 42.67933130699088
2 1.6141968539325842 1.9915963394224263 0.26796943820224717 0.4686109033935121
2 1257.6060996390668 104.56436170212766 59.70830146654323 38.4113981762918
2 3.927427078651685 1.327730892948284 0.3517098876404494 0.468610903393512
2 845.8676041093624 115.23419452887539 48.33529166339214 51.215197568389065
2 6.227333892927957 1.5913245261071345 0.2896434368803701 0.5271872663177011
5 643.8951353730453 425.844883485309 58.69285416269046 32.24660587639311
