0 0.533 0.5811359026369168 0.154 0.4239350912778905
0 883.1168831168832 851.5454545454545 1207.7922077922078 622.7368421052631
0 0.3216612903225806 0.38378972278566603 0.13164516129032258 0.38860716700473297
0 1276.1578044596913 537.8181818181818 698.8483214898309 329.38147020443665
1 0.5230033309957924 0.3977151474814064 0.05008239831697055 0.07286384381338744
1 3703.896103896104 2175.2901261418006 818.6508908880877 343.1056981296215
1 0.33469700338658365 0.562508874239351 0.03420261348476037 0.06412018255578095
1 5511.274747585876 3844.3433904068957 1374.1639954192901 577.041401399818
2 0.23359657294910807 0.40984927498492413 0.01746516433264359 0.04332444767282496
2 16747.6236941726 5862.740638222152 1316.90716227682 369.3064968958836
2 0.16402067373265286 1.0804034138410723 0.016705809361659087 0.04332444767282496
2 3741.213529195511 7524.619874253627 2214.798409283743 646.2863695677962
5 0.11536038626767287 0.5941638537987423 0.015802792639407242 0.024756827241614262
7 16389.5082286997 11976.494286053223 3923.357182159773 7311.114555735695
6 0.09991443088141354 0.025714273599024756 0.03772279533277858 0.012036468493160524
