0 0.27 0.5645645645645646 0.224 0.7867867867867868
0 1975.4464285714284 224.9656488549618 450.8928571428571 396.54961832061065
0 0.49790099009900995 0.41861091861091865 0.11310891089108911 0.5346115346115347
0 3249.080882352941 344.17514042920925 1052.0833333333333 557.414086129915
0 0.26661386138613863 0.3265077157694608 0.07889108910891089 0.5417875283647097
1 3333.7098393574297 87.67274533500317 557.7309236947791 57.21800221863365
1 0.7566372637263726 0.7427732243709729 0.09682088208820883 0.7165576988049386
1 2349.699724825227 97.68927208059404 278.86546184738955 27.91122059445544
1 1.2407416741674167 2.382554348526421 0.25818901890189017 2.2571567512355566
5 532.5555695002232 137.340926734622 73.58949687639448 7.9746344555586965
5 2.3304956179828507 37.05498999945039 0.3125446018286039 2.1317591539446923
5 724.696567065363 123.13773791671518 67.1904101914906 7.036442166669438
5 3.2296275522289073 34.74767420929849 0.26789537299594623 1.8475246000854
