0 0.0450281425891182 0.5483333333333333 0.0900562851782364 0.51
0 1110.4166666666667 288.2352941176471 777.2916666666666 352.94117647058823
0 0.372447065129992 0.35558333333333336 0.05274725274725275 0.2125
0 3952.8125 649.4117647058823 1232.2916666666667 564.7058823529412
0 0.329061707523246 0.329375 0.075469146238377 0.40020833333333333
0 3299.361559139785 281.10359187922955 609.5206093189964 152.42061426340447
0 0.29367341688411924 0.9644364754098361 0.17062589584328713 0.8922677595628415
1 644.6852598566309 82.9347459962642 269.59565412186384 35.863673944330465
1 1.4373377095494295 2.481619706284153 0.15207960281684288 0.7807342896174864
1 78.90604510883819 125.52285880515663 157.81209021767637 23.05521896421244
1 1.8376285340368517 4.163916211293261 0.13940630258210598 0.7807342896174864
1 1162.0708461483441 119.75905406410351 286.93107312304795 34.582828446318665
1 0.8869726001786493 2.631363716858935 0.08015862398471094 0.5204895264116576
1 2719.6075626445418 170.9928739845756 449.1095057578142 42.26790143438947
5 0.07570536709667144 5.536115871833085 0.048985825768434466 0.23658614836893527
7 8277.904753854256 879.172349835301 1898.5083652489418 760.8222258190106
7 0.05214620162446249 0.2208137384776729 0.03687105165366035 0.17875397876764
6 4325.886917960089 923.0563769127701 1708.6575287240476 548.2395450754634
