0 0.385 0.7632575757575758 0.37 0.4659090909090909
0 768.918918918919 444.2926829268293 386.4864864864865 244.6829268292683
0 0.8771328671328671 0.5415171451355661 0.31566433566433566 1.0748604465709728
1 1180.0509525919363 56.751553371047024 174.23571112095703 50.23908003338589
1 0.6657647806738716 3.9312025592179096 0.413233312142403 1.2141942081635062
1 758.6513255058338 179.1311460206792 152.45624723083742 55.18062888912877
2 1.3741647443465623 2.89050710749372 0.24269258014712555 0.6342805565033242
2 1194.9273431606177 11.036125777825754 82.40878228693914 18.919072761987007
2 2.9972533648170008 10.06920383449027 0.48538516029425116 2.58997893905524
2 589.2227933516149 64.09318527530291 65.92702582955131 18.53296923623217
7 5.293731904459177 7.76993681716572 1.3651457633275814 11.54698943662128
