0 0.669 0.7484756097560976 0.102 0.49085365853658536
0 3647.058823529412 212.8944099378882 607.843137254902 254.6583850931677
1 0.5420806451612903 0.6930853658536585 0.03454838709677419 0.08246341463414635
1 10608.309990662932 648.7725524992605 492.06349206349205 181.89884649511978
2 0.7224677419354839 1.3578975609756099 0.01829032258064516 0.06597073170731707
2 21760.141093474427 803.3865720201125 546.7372134038801 151.5823720792665
2 0.7224677419354838 0.49478048780487804 0.01829032258064516 0.07916487804878049
2 17222.222222222223 3101.1226954549934 328.04232804232805 164.21423641920538
5 1.0059677419354838 1.8999570731707316 0.04877419354838709 0.09743369606003752
5 7268.187830687832 1652.405753968254 471.5608465608466 102.63389776200336
5 0.736914446002805 3.1032632195121947 0.04029172510518934 0.1461505440900563
