0 0.415 0.6452095808383234 0.278 0.7095808383233533
0 1444.2446043165467 299.47257383966246 384.89208633093523 342.45569620253167
0 1.2276168224299067 0.6394987802173431 0.14289719626168226 0.671619723515931
0 846.7625899280574 315.65481563015965 629.8234139960758 363.30082553659884
0 0.5342767393561786 0.6262028159830915 0.1254319833852544 0.5862909881512021
0 470.37444842744907 359.03673134015986 845.0795175137221 421.2925066081686
1 0.4768782009835616 0.2599144259212819 0.0709992358784459 0.09257226128703192
1 6732.466822859319 1269.2787058066617 619.7249795100629 313.26878696504843
1 0.20008875565743842 0.33836757573880627 0.07745371186739551 0.10214870210982832
1 367.96170658409983 944.7011856914742 529.3484199981788 264.3205390017596
1 0.6375762867133167 0.5391181500240939 0.08501017156177555 0.16268126632305993
