0 0.766 0.5075075075075075 0.292 0.984984984984985
0 297.94520547945206 196.95731707317074 493.1506849315069 215.23170731707316
0 0.49680555555555556 0.4924924924924925 0.23927777777777776 0.8084310725820161
1 1594.3812398421176 30.92409587888982 238.21685628047368 49.47855340622371
1 1.0746510721247562 0.8993795682474929 0.1763099415204678 0.9499065102838689
1 445.2386480480282 112.64266413757314 300.606985306312 37.898466438809656
2 1.0861357718194857 4.960622887037982 0.10977788811651769 0.9499065102838687
2 3548.073356872986 205.28335987688564 245.9511697960735 40.0039367965213
2 0.48993464881631044 5.174490727072654 0.15043636519670942 0.5999409538634961
6 2599.10560514229 206.6870067820267 824.2687852625166 250.02460497825814
6 0.29723314091285324 0.48395236944988684 0.1431571862355783 0.49595118852715675
6 488.97300820657773 389.1511996839018 726.4741836212012 233.8939853022415
