0 0.417 0.6746987951807228 0.134 0.6265060240963856
0 421.6417910447761 370.3076923076923 455.2238805970149 306.46153846153845
0 1.001704918032787 0.6183483935742972 0.1098360655737705 0.5122991967871486
0 2426.3432835820895 435.29250367466926 646.4179104477612 421.62861342479175
0 0.74874163010852 0.4838381302989737 0.04950357885015008 0.3842243975903615
0 6605.583022388059 612.9230769230769 1373.6380597014925 497.1053405193532
0 0.09500319176389097 0.45563783274459096 0.05168756027000965 0.40031756607582164
0 3201.9309701492534 482.1172398001767 599.7574626865671 294.76598081047075
0 0.379319998755716 0.6530604361830141 0.04835287896226709 0.4240652183006585
1 10164.854927946473 305.3775561196477 351.581960885229 35.37191769725649
1 1.3041055884823212 3.463199282788711 0.05404145295782792 0.4240652183006585
5 1313.8062748869086 735.735888102935 259.0603922312214 37.73004554374025
5 1.0846891629392603 8.295775833006633 0.04632124539242393 0.4770733705882409
5 10599.887715460809 582.719592286655 259.0603922312214 25.153363695826833
5 0.17370467022158975 12.861102948774661 0.04632124539242393 0.4373172563725542
5 2871.2526805627035 729.4475471789781 259.0603922312214 27.44003312272018
5 0.8743135067820017 11.734679712663537 0.08878238700214587 0.2915448375817028
5 2939.7722770586424 1114.7513456105073 135.16194377281116 41.16004968408027
5 2.356432521681955 8.017483033496827 0.09618091925232469 0.09718161252723427
5 3815.725643432438 2901.7835027276587 103.9707259790855 82.32009936816054
5 4.38104087194339 3.2130670641816828 0.10579901117755716 0.08503391096132998
5 1129.5001595000651 3651.484407687693 103.9707259790855 152.88018454086958
5 1.8947641092707965 2.1127656338853527 0.13465328695325457 0.0654107007394846
5 1177.0971476917894 3806.7165950676526 81.6912846978529 91.72811072452174
5 1.2547238102462357 3.12336096031039 0.15913570276293723 0.18533031876187306
5 2098.8376222371435 1775.20873108045 75.40733972109497 32.374627314537086
5 6.186400444909185 8.01553628645101 0.09282915994504673 0.21621870522218523
5 3167.1082682859887 1313.4848796183617 86.17981682410853 36.99957407375667
