0 0.2111111111111111 0.535 0.4222222222222222 0.9233333333333333
0 859.7368421052631 183.5740072202166 270.0 280.5054151624549
0 0.8 0.6434813384813385 0.4962962962962963 0.852033462033462
0 613.544776119403 191.89387187891788 259.92537313432837 320.4099512106702
1 1.3484639678438128 0.18413909985338556 0.2577662934252081 0.1123560609274895
1 418.98418355981295 511.7658942948205 434.50211628425046 614.1190731537846
1 0.6294560826053073 0.08874500464562576 0.15880244862803 0.08955917900017278
1 1294.060650672659 1010.5050203712274 547.8504944453592 658.7822784740599
6 0.39609346381933924 0.331672552737928 0.24094164619425243 0.2413543976445334
7 1477.536181988999 830.7285964405598 423.3390184350503 807.9405302040358
6 0.22086317567806474 0.25992012054026675 0.4370020053523206 0.22031324502936894
6 669.333312931093 907.7983485438605 226.5435828382161 898.7203650584219
