0 0.807 0.5459940652818991 0.226 0.9020771513353115
0 1254.4247787610618 217.2763157894737 500.0 312.6118421052632
0 0.415 0.6765578635014836 0.166 0.8029126417913588
0 563.2530120481928 255.32042881107154 969.8795180722891 328.8028936884043
1 0.3892236024844721 0.16727346703986642 0.0628944099378882 0.13381877363189312
1 2106.705510566858 661.342183895995 683.6855619198104 231.6565841895576
1 0.4007690307670085 0.31943836286322874 0.06728239202657807 0.14676897753175375
1 3240.075054315623 735.850326249183 594.509184278096 299.79087365707454
1 0.5491925249169436 0.28186315003257256 0.06560033222591362 0.09006278166721253
7 4329.246367563571 2120.7428469815272 1707.3084266447886 1931.9856302344804
