0 0.24166666666666667 0.5339285714285714 0.15 0.8464285714285714
0 963.3333333333334 159.49367088607596 233.33333333333334 146.49789029535864
0 1.4828571428571429 1.075100806451613 0.30857142857142855 1.6587269585253457
0 620.6018518518518 83.19633276032714 191.20370370370372 126.60311507006303
0 1.4931719128329297 1.2085010697827518 0.3294915254237288 1.737713956550362
1 268.5956790123457 24.745154309148685 106.22427983539096 14.962186326461994
1 3.186653753026634 3.2080873044006686 0.31066343825665854 1.4703733478503065
1 910.9536725277468 34.6850683022528 103.00536226462154 12.241788812559813
1 1.3979854721549634 6.453305248898567 0.17474818401937042 0.980248898566871
1 1530.7741336547924 71.9205092737889 97.28284213880924 19.382832286553036
1 1.8965317618572848 2.166865986305715 0.25698262355789764 0.9286568512738779
5 1159.6114782946063 274.05171205154153 70.04364633994267 18.306008270633424
5 5.103960440108244 14.967763367590736 0.41402756017661285 0.655522483252149
5 962.4963126367983 319.5923943914752 55.55185744202349 13.729506202975069
5 3.3302216796814514 16.7158233229298 0.3960263619080645 1.238209135031837
5 526.4801034846316 189.79023280583183 53.0267730128406 11.306652167155939
5 2.074423800470814 21.84554688234741 0.3394511673497696 1.0613221157415746
5 963.3197097332709 244.03524260778232 94.2698186894944 11.306652167155939
5 2.869423149003521 21.22644231483149 0.35005901632944986 1.0613221157415746
5 639.8921026195984 181.37754518145982 28.566611724089213 10.364431153226276
5 4.9183291794287705 18.428411282421887 0.24504131143061492 1.1578059444453541
5 610.1012075359054 165.39904715356934 36.7285007881147 9.500728557124088
5 2.8179750814520714 27.524204952041824 1.007392058103639 1.368316116162691
