0 0.105 0.6066666666666667 0.206 0.7866666666666666
0 1655.3398058252428 308.8983050847458 368.93203883495147 335.5932203389831
0 0.37134210526315786 0.7047222222222221 0.1843157894736842 0.8194444444444443
0 2341.0908052541404 284.94915254237293 461.1650485436893 286.7796610169492
0 0.6429368421052631 0.7723699763593379 0.11058947368421053 0.7497044917257681
0 4254.47363411384 331.46393378005524 533.5046640015229 337.4662987780844
1 0.10309188224799287 0.3007707743484801 0.1424542372881356 0.12742013100477484
1 954.6925566343041 890.7540677049436 336.950314106225 227.59355033870807
1 1.4037677966101696 0.6107378692987484 0.10684067796610171 0.14938911910904637
2 1530.316009899105 1281.8872026430174 121.67650231613679 140.57248697390793
5 3.3284980443285535 2.2799625083071122 0.26299243807040423 0.10670651364931884
5 1682.5578835903289 3205.0527030051007 64.64064185544767 168.6869843686895
5 2.3205215123859197 2.1163458540448237 0.43316401564537166 0.10670651364931884
5 28.857429399753425 3031.6799690706143 48.48048139158575 121.8294887107202
5 6.136490221642766 2.6307259711235913 0.5156714471968711 0.13953928707987848
5 554.6167071197409 2192.9307967929635 46.54126213592232 85.99728614874367
5 2.825449804432856 4.325717899476233 0.752020860495437 0.06976964353993924
