0 0.36790123456790125 0.6074074074074074 0.18765432098765433 0.5259259259259259
0 1811.8421052631577 327.9929577464789 468.9473684210526 366.9718309859155
0 0.4179573512906847 0.41011322203032047 0.10235690235690237 0.32972558050278256
0 2745.2960526315787 509.5146083110232 390.78947368421046 454.9237574205564
0 0.6282154882154883 0.3451127742595791 0.11515151515151517 0.2286097358152626
1 2435.9210526315787 433.0524229291835 164.99999999999997 61.23973657584413
1 2.1090909090909093 1.4043169485794702 0.20606060606060608 0.3265853368789466
1 810.4411764705882 309.2606697080128 97.05882352941175 36.743841945506475
1 2.0554545454545456 2.5990749726616165 0.15454545454545457 0.29936989213903437
1 1620.8823529411761 374.11911799061136 97.05882352941175 33.40349267773316
5 1.4269696969696972 6.900476013804742 0.11333333333333334 0.2694329029251309
5 2519.1176470588234 881.4810567735141 97.05882352941175 48.24948942339235
5 3.224848484848485 5.1503135674534635 0.30909090909090914 0.22798168709049538
5 881.6176470588234 969.3761056881553 54.99999999999999 35.09053776246716
5 3.063636363636364 6.3834872385338715 0.2363636363636364 0.2279816870904954
5 1440.5769230769229 1140.4424772801826 63.46153846153845 70.18107552493431
5 3.624242424242425 2.9423886490117064 0.22060606060606064 0.09974198810209174
5 906.5934065934065 2025.2253222909615 54.39560439560439 120.31041518560167
5 4.605151515151515 1.7163933785901622 0.1654545454545455 0.058182826392886855
5 1078.8461538461536 3557.750849059935 66.48351648351647 137.49761735497333
5 3.0233057851239677 1.4836620730186147 0.1504132231404959 0.058182826392886855
