0 0.6966666666666667 0.648972602739726 0.12222222222222222 0.6541095890410958
0 1088.1818181818182 320.282722513089 703.6363636363636 230.84816753926702
1 0.43346253229974163 0.45267849042910274 0.03979328165374677 0.09963258641023315
1 4096.168831168831 1460.3655816071023 603.1168831168831 210.7744138402003
2 0.5388673557278209 0.9797204330339593 0.019896640826873386 0.07116613315016654
2 14675.844155844155 1896.9697245618029 703.6363636363636 196.72278625085363
5 0.4476744186046512 1.413156072553307 0.03979328165374677 0.060999542700142746
5 2688.896103896104 4573.804780332347 804.1558441558441 196.72278625085363
5 0.37617086563307495 1.364864767915694 0.023627260981912146 0.04574965702510706
7 13332.057416267942 4338.830341199383 2116.1995898838004 3300.5711915420998
7 0.059068152454780365 0.06438279548235265 0.03213307493540052 0.03908414408105173
7 4170.158015359253 5360.22995835713 2800.852398375618 3863.459301727574
7 0.11210872810795292 0.04866105355786573 0.0199939132931381 0.0496963951229267
2 7677.336484833168 4275.964070922445 850.2587637925984 261.58839022113784
