0 0.76 0.3339622641509434 0.12 0.2679245283018868
0 779.1666666666667 757.6760563380282 491.6666666666667 276.19718309859155
0 0.3833898305084746 0.5503314635390107 0.1159322033898305 0.2679245283018868
1 2635.1608187134507 212.74647887323945 94.88304093567253 29.859154929577464
1 0.974884437596302 5.743632075471698 0.1159322033898305 0.30141509433962266
1 1643.2017543859652 401.4397496087637 94.88304093567253 39.81220657276995
5 1.7337134052388288 4.646816037735849 0.07377503852080122 0.2009433962264151
5 921.7209690893902 1166.9953051643192 108.43776106934003 44.78873239436619
5 2.7204545454545452 2.6680817610062895 0.09221879815100154 0.15628930817610065
5 872.9239766081872 1452.434607645875 54.218880534670014 51.1871227364185
5 3.3198767334360553 3.457900943396227 0.11066255778120183 0.15628930817610065
5 2588.951545530493 777.404426559356 63.255360623781684 44.78873239436619
7 4.766394453004622 2.0540880503144656 0.711402157164869 1.3842767295597487
7 264.26683993935455 111.97183098591547 75.90643274853802 44.78873239436619
7 1.192257318952234 4.5770440251572335 0.6982280431432972 1.2949685534591195
