0 0.46125 0.5416666666666666 0.4725 0.6966666666666667
0 435.978835978836 236.8421052631579 198.94179894179896 180.86124401913875
1 0.7539893617021276 0.5086772486772487 0.2814893617021276 0.34280423280423283
1 657.2184429327287 358.8053711992591 127.89115646258504 116.68467356073467
2 1.4035372340425532 1.4183525132275134 0.21111702127659573 0.17997222222222226
2 1269.438145628622 383.3924988424139 123.15444696397078 133.3539126408396
5 1.0758848199672666 1.9197037037037041 0.17051759410801962 0.16497453703703707
5 1052.6772966682265 1315.3545019573726 158.34143181081959 145.47699560818867
5 1.326247954173486 1.4400902295524693 0.20209492635024548 0.13060484182098767
5 766.9663103336574 1780.1790252054668 118.75607385811469 191.4170994844588
7 1.730437806873977 0.8463193750000001 0.7999590834697217 0.5955580787037038
7 203.76042146181783 256.90189667651043 175.0089509488006 315.6703044129671
