0 0.075 0.5451807228915663 0.138 0.4759036144578313
0 1427.5362318840578 603.0632911392405 869.5652173913043 189.11392405063293
0 0.23345000000000002 0.7006358768406961 0.0575 0.25910307898259705
0 1730.4347826086955 472.7848101265823 643.4782608695651 312.61689485920954
1 0.3636486486486487 0.9148577850496635 0.05594594594594595 0.12155453088072453
1 786.4734299516907 962.5309657507241 250.24154589371977 82.2676039103183
1 0.7972297297297298 1.3614107458641147 0.051949806949806956 0.09724362470457963
1 2136.677814938684 884.3767420359217 192.4934968413229 61.70070293273872
5 0.17662934362934365 4.132854049944634 0.11428957528957531 0.12965816627277285
5 109.37130502347891 1758.4700335830535 148.74497483193133 107.97623013229276
7 0.25210935725641614 1.6809255127505909 0.4504353849647968 1.472546316955063
5 228.66764787595415 107.63668223879499 39.9613365220114 4.753670508968864
