0 0.401 0.5765765765765766 0.526 0.8445945945945946
0 111.2167300380228 507.344 199.61977186311788 462.94399999999996
0 2.0113238095238093 1.1610475565079146 0.7464190476190476 0.78843229418677
1 308.1379028759537 240.35037808219175 155.40868145048103 133.1756712328767
1 2.4419485221674875 2.815829622095607 0.3539055829228243 0.28533740170568817
1 98.89643365030611 919.9635183850036 163.88551862050727 213.78199855803894
5 1.342400486948644 3.8918150527726647 0.5735711171507842 0.1871064929217627
5 143.83569453395583 3257.5032030281186 71.48198152596594 165.68104888248018
5 5.302035448784078 4.176699777479349 0.3637280255102534 0.1569280263214784
5 1256.4332906679397 4447.898927691199 104.47366530718098 191.17044101824638
6 1.7229222261012003 2.241455309291783 1.9526451895813604 1.7105154869041144
