0 0.661 0.6946666666666667 0.102 0.44533333333333336
0 2397.0588235294117 591.6916167664671 558.8235294117648 361.5269461077844
0 0.051 0.7703436853002071 0.102 0.5338467908902692
0 4357.843137254902 494.5239055567621 1088.235294117647 415.8496478545499
0 0.0918918918918919 0.6228212560386475 0.055135135135135134 0.4136110271762446
0 7454.411764705883 644.3251811234742 1124.5098039215686 447.2801444947194
0 0.1609590235396687 0.6137093349182656 0.05157802964254577 0.44938279168878464
0 2782.1923597025016 566.3323222582393 794.9121027721434 336.0164269587196
5 0.4969102855806239 1.0520318997482474 0.037740021689667634 0.026784404802642794
5 3153.151340996169 12413.94021819714 529.9414018480957 485.35706116259496
5 0.5000552873880961 0.6974246942841988 0.026418015182767342 0.022663727140697747
5 12415.769986155383 14935.760473048946 908.4709745967353 485.35706116259496
5 0.2608778999298275 0.6943341860377401 0.017612010121844896 0.020603388309725225
5 4627.52402685212 16502.140079528228 1078.8092823336233 582.428473395114
5 0.1362613414690105 0.5528575863109602 0.016685062220695164 0.013735592206483483
5 18759.294742801336 24316.38876424601 1318.5446784077617 582.428473395114
