0 0.34296875 0.5421875 0.0859375 0.41875
0 3909.818181818182 814.3283582089553 814.5454545454545 749.8507462686567
0 0.31612723214285715 0.44208797770700636 0.05524553571428572 0.28939092356687895
0 5249.292929292928 1112.6817525276842 615.4343434343434 587.4406768003302
0 0.594701943277311 0.5447358561258898 0.07149422268907563 0.46983467590857997
1 3042.2038567493114 481.02026433650224 321.7043158861341 55.338614481190525
1 0.7895448940445743 4.264653212093264 0.055952000365363526 0.46983467590857997
1 6398.341393735334 424.61744573067347 393.1941638608306 70.23747222612643
1 0.8494530964559736 2.811889348240744 0.06103854585312385 0.3844101893797473
1 4620.031425364759 639.9414136158185 262.12944257388705 41.622205763630475
5 1.2665498264523198 11.760549231336643 0.06103854585312385 0.4084358262159815
5 4882.160867938646 949.9656374287425 196.5970819304153 44.07057080854991
5 1.302155644866642 9.802459829183556 0.0712116368286445 0.31767230927909673
5 3960.0269360269363 1263.8810128309135 140.42648709315378 28.331081234067803
5 1.5666560102301788 16.66014777552596 0.09969629156010229 0.5647507720517275
5 3490.601250601251 842.8496667135171 120.36556036556038 38.95523669684323
5 2.2431665601023014 11.19233348247969 0.09969629156010229 0.25670489638714883
5 3691.210517877185 1612.7467992493098 120.36556036556038 38.95523669684324
5 1.9066915760869563 11.757084254531415 0.0913882672634271 0.4107278342194381
