0 0.3296875 0.5 0.41875 0.996875
0 1153.4328358208954 349.0909090909091 487.1641791044776 563.7617554858934
0 0.24940257352941175 0.6589663033807829 0.08416053921568627 0.2217248665480427
0 4538.944302875865 1565.0026332288403 1829.8361849290136 2372.30946708464
0 0.08416053921568627 0.16102452285428193 0.017487904252610133 0.05732810237744069
1 11207.746632690209 898.3377761386688 4117.131416090281 1726.901744421907
1 0.1107567269331975 0.07962236441311206 0.02283143055201878 0.081649115507264
1 16818.919827432637 1592.1789132967938 2452.759141500593 1151.2678296146048
1 0.04566286110403756 0.2762172205458506 0.005707857638004695 0.013897721788470468
2 31447.87613566832 22593.63115618662 6832.686179894509 4605.071318458419
2 0.06000568286107501 0.0901180397221132 0.007610476850672928 0.01563493701202928
2 58340.62815140696 23792.868478701832 3679.1387122508895 2046.6983637592973
5 0.1307371201847742 0.2999953539183118 0.01032850429734183 0.01563493701202928
5 43713.97706792833 36712.651899932396 2614.124874494053 2686.2916024340775
5 0.11208339848596875 0.23061532092743187 0.022187157379475044 0.015262676606980963
5 11448.064105542922 40490.93195864048 1081.7068446182288 2751.8109098105183
7 0.19367539462500089 0.13354842031108344 0.24498319606503693 0.17624757510442304
7 473.50186405930015 2144.710358573971 146.94885436323108 510.64532346999306
7 1.020763316937654 0.7588437261440436 0.19054248582836208 0.19778894539496364
