0 0.63359375 0.60625 0.2484375 0.784375
0 215.34591194968553 392.66932270916334 422.64150943396226 555.8565737051792
0 0.7145535714285715 0.6260607798165138 0.24607142857142858 1.043434633027523
0 869.66618287373 346.45198516279703 390.13062409288824 401.558455831845
0 0.3716703869047619 0.824288457117208 0.2153125 0.9761966017823127
1 1031.0595065312048 183.8768949536127 176.48766328011612 56.341109874366005
1 0.2833059210526316 2.1298834947977734 0.2153125 1.0649417473988867
1 1430.478955007257 83.5726463136429 204.35413642960813 56.341109874366005
1 2.0821697443181817 3.1238291257034008 0.26914062499999997 1.3844242716185526
1 520.1741654571844 121.35008280632678 118.89695210449929 46.228602973838775
2 0.06728515624999999 6.965384616580843 0.11774902343749999 0.6922121358092763
2 713.3817126269957 476.73246816771234 118.89695210449929 46.228602973838775
2 3.8857177734374995 10.285839705540965 0.35324707031249997 2.660690397016906
2 753.0140299951621 140.37709927421773 39.632317368166426 22.92638033661923
2 2.863824462890625 13.957720115498523 0.32801513671875 2.4426010202122415
2 981.6620148115069 164.1692591961484 67.0700755461278 27.020376825301234
5 4.0480049826882105 21.983409181910172 0.6411204944957386 1.1842914037392687
5 115.4229207072897 406.1500391553092 40.55399916742611 67.55094206325307
5 0.5918035333806818 7.105748422435613 0.8383883389559659 1.3323278292066774
5 373.3353452765992 461.97338711035854 47.710587255795424 36.77773512332667
5 4.988410616787997 14.791557940580256 0.4611135864257812 1.3595181930680382
5 425.0579591879956 383.5917773362972 73.73454394077476 31.628852206060937
5 2.136040878295898 15.919009539761797 0.31192977905273434 1.4227515973967841
5 395.9224424645949 347.2145108843134 131.43983919877238 39.360349411986945
6 2.2215486703267913 6.5548198594351845 0.6238595581054687 5.1320682620384
6 224.4094815588797 53.000074455744794 112.20474077943985 26.500037227872397
6 3.5827363194056914 15.0188468256712 1.372491027832031 11.3962104054088
6 38.980218387662546 22.06873961195334 76.50323234961807 15.882472643195047
6 4.0194380100795195 16.873946898616346 1.2156349103655133 13.725822477232699
6 185.4997730627836 23.459432069306445 46.8890778917014 13.842522028472747
