0 0.1625 0.49375 0.165625 0.784375
0 2979.6226415094343 524.6215139442231 489.0566037735849 462.78884462151393
0 0.8342592592592593 0.7606060606060606 0.1962962962962963 0.7173898071625344
0 1546.132075471698 437.6978831661307 443.20754716981133 560.3648058368934
0 0.8461047254150702 0.5674874593972287 0.15793954874414645 0.5674874593972287
0 1275.8045822102426 577.1052638729013 512.8544474393531 671.3804749177874
0 0.490392549495714 0.43492477203147184 0.15014006485554662 0.42300902485252745
1 3343.5445794098086 600.4600022152042 226.45521055763643 104.01669329712199
1 1.3424288151790051 1.3843931722446352 0.1324765278137176 0.5576028054874226
1 1924.8692897399096 301.28973230890506 166.0671544089334 50.21495538481751
1 1.225407882276888 3.1763445526872824 0.17462815029990048 0.856318594141399
1 624.1834424335772 109.18833322047527 217.60523681170582 66.564010626386
1 1.7830453241147732 2.79430278088246 0.12867337390518982 0.7812029279886448
2 1305.631420870235 469.78830576699346 93.25938720501678 33.282005313193
2 4.589350335951771 12.258876716129501 0.1715644985402531 1.0816655925996619
2 1349.3467586225865 324.96180187742607 110.74552230595742 21.26350339453997
2 0.6772282837115254 16.93041797112514 0.1625347880907661 1.8811575523472381
2 3060.8831859563234 152.0340492709608 141.5081673909456 13.821277206450981
2 2.3814879820255728 23.405941084012753 0.11306767867183729 1.0852832032772528
2 654.4752741831234 324.339305111383 159.1966883148138 51.59943490408366
2 2.330450488180646 5.4264160163862645 0.08794152785587345 0.38760114402759027
2 5822.05031551319 1197.106889774741 181.9390723597872 67.07926537530876
5 1.758830557117469 7.110990219275406 0.13191229178381017 1.1031724868477568
5 1372.1238373800618 438.28141633732145 151.615893633156 58.92097634317662
5 0.9233860424866712 8.45199843769512 0.17148597931895324 0.9504255271303751
5 1650.2806883916594 504.5108599384498 163.27865468186027 72.59906013712833
5 1.4055725804892776 6.6392044069107365 0.11636548596643256 0.9641998101322646
5 739.0507527705255 547.6043393200537 240.62117532063618 82.97035444243238
5 1.6291168035300558 5.441702678433969 0.07480638383556379 0.6146773789593187
5 4732.216447972512 728.8376233374452 374.29960605432296 91.10470291718065
5 1.1327823837956803 5.38940344766117 0.06411975757334039 0.28538592594539797
5 7821.302184843457 2004.3034641779743 265.1288876218121 63.07248663497122
5 1.6576843207931236 7.943241605480243 0.11692426381020894 0.5707718518907959
6 2548.658339074194 462.53156865645565 684.2035809595152 301.3463250337514
6 0.14542455311394736 0.7831520758501619 0.1388475632746231 0.6636881998730185
6 2175.0471731555112 397.02378323196746 604.9800084273608 251.6241814031824
3 0.8223412229657738 1.1425769907993584 0.04132367954601879 0.10730288261420061
6 4791.441666744697 2749.2271671829185 1693.9440235966101 1509.7450884190944
6 0.15112659948258297 0.17188332122459912 0.02597488428606895 0.08809434189931284
6 14764.262114756819 3155.707778800814 2117.4300294957625 1430.2848206075632
6 0.23235714670447136 0.2611367992015345 0.03305894363681503 0.11116666953960905
7 12810.451678449363 3274.362733969516 1966.1850273889222 2104.947471837546
