0 0.3015625 0.50859375 0.278125 0.9734375
0 1621.573033707865 340.03210272873196 942.0224719101124 634.8635634028893
1 0.46283396946564886 0.07403165453074433 0.04670801526717557 0.07875707928802587
1 4356.853932584269 533.2853932584271 920.6128702757917 736.4417335473516
2 0.134149764778981 0.43655863777759174 0.038018151961654534 0.07739919861064612
2 14874.473661170292 2790.7265692320693 762.7935210856559 490.96115569823445
2 0.4404861744522732 0.11304356639186472 0.041951064233549835 0.10795151385169063
2 6328.802495257551 995.8174384445322 738.9562235517291 565.0684999545717
5 0.18066022823157754 1.072436350723353 0.06901626696487231 0.10264242300652553
5 6223.170549322895 5938.090529695025 709.977548118328 594.2961809867047
5 0.2838117917024851 1.0121215973512312 0.09718617184849367 0.09591177231757303
5 5021.290485242667 6380.864259015146 329.2649498519782 583.8699321974643
7 1.3849029488410347 0.5651943725856982 0.747118696085295 0.9111618370169438
7 243.60252387422776 376.9912062214831 214.15606494437606 560.8224348738802
