0 0.565625 0.61796875 0.275 0.6078125
0 1809.090909090909 647.4035989717224 556.3636363636364 735.4241645244216
0 0.3253267973856209 0.4908731823266219 0.4241830065359477 0.6309284116331096
1 853.4052388289676 345.5225600567326 150.87827426810478 57.05877138551546
1 1.6105698529411765 3.61031257767835 0.45069444444444445 0.7360831469052946
5 519.1987673343606 789.3130041662972 133.12788906009246 24.453759165220912
5 2.328587962962963 23.39108666832381 0.510787037037037 1.1450182285193473
5 821.2816097163058 500.86538861622114 119.4235475392006 25.327107706835942
5 3.902078020643594 22.97933134476759 0.5024134790528232 0.9476012925677357
5 983.2538747394184 633.1776926708985 83.59648327744043 33.76947694244792
1 5.472718253968252 5.7300265659955265 0.8971669268800414 1.2733392368878949
6 227.38243451463796 235.2083335875152 151.58828967642532 115.44449094278708
6 2.3286759205048133 2.7892192808020555 0.949941451990632 1.0567849449001576
6 530.5590138674886 289.0843605165693 145.2721109399076 137.20861628446008
