0 0.503125 0.825 0.184375 0.340625
0 789.1525423728813 1285.8715596330276 623.728813559322 786.7889908256881
0 0.6942119565217392 0.5668610074626865 0.15391304347826087 0.42196828358208954
0 2101.8361581920904 893.4320769315796 292.3728813559322 251.2037139383221
1 1.525449275362319 1.1862881934666292 0.10944927536231885 0.14330998310335116
1 1603.4825211864404 2260.833425444899 228.416313559322 265.1594758237844
1 1.427218550724638 1.2558480098267353 0.07880347826086959 0.060341045517200494
1 3451.62429378531 7747.6284342262015 279.1754943502824 911.485698144259
2 0.664456600790514 0.48492258397459304 0.046565691699604755 0.021942198369891086
2 8804.765591047368 21602.21104601894 601.3010647544544 1458.3771170308146
2 0.5155487295313383 0.3963309580561577 0.0365873291925466 0.030170522758600243
5 5083.727183833114 18296.003831841128 874.6197305519336 1259.5075101629761
5 0.4476231055900623 0.44461823012674045 0.02858385093167703 0.022230911506337023
5 15445.784441547146 26427.166507883874 944.5893089960882 2204.138142785208
7 0.3567688060731541 0.2395494137825704 0.09527950310559011 0.09799748745650606
7 4576.010430247717 4816.450015715825 944.5893089960882 2734.7639919742396
7 0.15032988267770883 0.1629025397831099 0.11010075914423746 0.08666195719101469
7 1321.5167736435656 5054.120795294165 1044.4977936014436 3069.3975606124377
